gov_noaa_arctic_www_6e7a5bea249ed29aa4928b10b48d9b058bd00e80_1424141923000:0.8789332439340329
org_wikipedia_en_80d16a5252d36dbd61fdcfdb53d3b60db600fb83_1424633153000:0.8596146994085978
edu_colorado_lasp_a5339667bae16a6a0361757554f2a4b5217969e2_1424611658000:0.7637677202096762
edu_uaf_lter_www_1403d93417f7162b58f2773a644e41979ea55b39_1424611677000:0.5785759114034296
gov_noaa_arctic_www_60ec9544e42047c3c90b3451058544b6eb86ad08_1424144396000:0.5675316884135333
org_aoncadis_www_7faa25fe037ce7954422499fa25f6324b9e8096b_1424392097000:0.5429473048246608
org_wikipedia_en_2af44374e33074f4263e69e7c7fdf14e79b7f342_1424621237000:0.51972945741785
gov_nasa_earthobservatory_8eb766a71a45257ca265be7be0f3b7d233e35e7d_1424231362000:0.5080397861293958
org_nsidc_9e37bdc85af1cbe6bc8fea7704cba57bac687312_1424237988000:0.48233582296635846
org_nsidc_7c20a632659d56a4d7bd5f7d30af29e17d4549fc_1424237850000:0.48233582296635846
gov_noaa_arctic_www_47da4388339c30f7edc708a15eb6f85b161250f5_1424162625000:0.44929026391805765
edu_uaf_lter_www_879286e2d60648b40f2fe615296e1de4f07e2903_1424611449000:0.44708438585594945
gov_llnl_www-pcmdi_767b1b31c0e5c75ae45710688c30880f11a3169d_1424611706000:0.44048178160906387
gov_llnl_www-pcmdi_0d70e46588668fd776fc91cef27d588ce01e05b4_1424611909000:0.3933821464340618
gov_nasa_visibleearth_834eea70d100dcd6ca2843dda59f2b7c9e04f075_1424220578000:0.3881638900817428
gov_nasa_jpl_airs_728e34b2019169d72e3f0423b115f7ec673b88af_1424229725000:0.314556151695828
gov_nasa_nex_9fd536562365ee18f78e70798a6354f5c496162b_1424287005000:0.29842030760547567
gov_nasa_climate_bb13c76e8d842de941d09a990acacdecde157908_1424217710000:0.27329740114087886
org_gewex_www_8b380a5ebe4705fecb169a2d30da73f3f019a51a_1424619107000:0.25237258430652376
gov_nasa_visibleearth_f7d810c7a5b0f364a17ff415360ef46fa27f675d_1424231563000:0.23622714732236277
gov_noaa_gfdl_www_2bff63928334b04dc7d09deec987c5af3479da12_1424156818000:0.23356414392875638
org_aoncadis_www_7faa25fe037ce7954422499fa25f6324b9e8096b_1424608225000:0.22527890704331838
org_aoncadis_www_7faa25fe037ce7954422499fa25f6324b9e8096b_1424558668000:0.2242095503615523
gov_noaa_esrl_b0ed157997cda7db726c4fe5d8cadc80cbc2ab0b_1424610008000:0.19489364154259886
gov_nasa_earthobservatory_a1d7960b1560db8717371282aa5eea7433415693_1424232465000:0.1704086885202711
gov_noaa_esrl_f9d456fbe8f8e7b8c3c3cce055905d08aa530970_1424609986000:0.13599556328834236
gov_noaa_celebrating200years_4a958f6d393bc012768d5e6f9fd3c5133718fd48_1424156445000:0.09060874580487983
gov_llnl_www-pcmdi_1a4f243acb78ce276ac144ed783b1b1407dd8770_1424614676000:0.07653922251744649
gov_llnl_www-pcmdi_1793940f594d8a337fee98082265b7ef30e9cd05_1424620230000:0.07376613538096241
gov_nasa_ntrs_7a7b9944312c4ebed6cbb866ba7ffe7031ccb3a3_1424244399000:0.07325582977718938
