gov_nasa_gsfc_gcmd_46af9a36987cc0dbf1faeabcb0d02de8118c3134_1424251478000:0.8423134038688294
org_nsidc_1320dc52c09b9e7ba22add17af8843a3dec9ad98_1424231383000:0.8319435557662226
gov_nasa_gcmd_3252886a836cdb1ba2b3782d8e9f13d0ea7e823b_1424315037000:0.8287569744391233
gov_nasa_gsfc_gcmd_bc68347fe11bd505c3b9c6d687aac9817fe66d68_1424521514000:0.7641273353031053
gov_nasa_gsfc_gcmd_60251fd4388f81aac3fce7df329fd9af0a4c0383_1424522328000:0.4548070276274168
gov_nasa_gsfc_gcmd_871d5d6c6814ca3d16affe9b70268fa94df010e3_1424522459000:0.39871186383440577
gov_nasa_gsfc_gcmd_0795d71285b428097b7d3dda9ddc488326a29e11_1424544794000:0.37752283883641424
gov_nasa_gsfc_gcmd_200fb01b0e368417206de930e3618f8bc4ae3e61_1424518676000:0.3594940604520239
org_nsidc_f78db7c3d2b7db462910675a6878162ba731953a_1424233409000:0.32484241035748296
org_nsidc_a51685bbc9fdf6b1e3a672dcbaa1b34a911e089d_1424237706000:0.32484241035748296
gov_nasa_gsfc_gcmd_846870a2f798e99c952e4f0d5a2abb62f01d1441_1424522444000:0.3186175263644375
gov_nasa_gsfc_gcmd_73956fe04009e6eaa8e08302df2aea518f7b87fe_1424522445000:0.3048124351048524
gov_nasa_earthobservatory_6fa22eb4708c8b2895bead11100e350ef995570b_1424268692000:0.3
org_nsidc_574182e115ec9ecd2aefdeffe898e4080a409c81_1424239650000:0.3
gov_nasa_earthobservatory_7b13787ce8aeb3d0edc13b9d2e3457f0e8be717f_1424283281000:0.2846763397571793
org_nsidc_f058f64354ebdf39bbdca20d1b0f7023a485c032_1424237760000:0.27956397698919266
org_nsidc_c40c984062b4de0cc80147769ecf9e7b4b742455_1424239287000:0.2758305717856976
org_nsidc_199586ac593c179cf4f70afbf67b6fbdf0d8e0dc_1424238292000:0.26568258311330367
org_nsidc_f18edc5454396b053a68b143f135058709437a03_1424233683000:0.2596828036221746
gov_nasa_gsfc_gcmd_9d7c347631212afbde2ab6b3938a4cb0e9fc94d5_1424252273000:0.25824489705592374
gov_nasa_gsfc_gcmd_510c89dd19211d78541983a4a28ac24ea70eb7a6_1424519730000:0.24722633017525952
org_nsidc_a94d0cca544df75ef15f5c30eac969ef458c0ff8_1424239279000:0.24719330974437845
org_nsidc_3d11892ec4f08adfd3149afd8782a8579cac90b5_1424233671000:0.24583743895572185
gov_nasa_gsfc_gcmd_d6b1070205732be9411fb524b44d0ce5b0f7e335_1424521139000:0.23448249706033092
edu_ucsc_news_a22762865c6930ad7d5138e4be44c578aae04792_1424618561000:0.19673885062018195
gov_nasa_gsfc_gcmd_d1b1788670bbd9c28597aa05098b3215312d50e0_1424519513000:0.19635671194352547
gov_nasa_gsfc_gcmd_f123e90e3d38c805a3d33ed2901f507b18825634_1424521416000:0.15907289279189551
gov_nasa_gsfc_gcmd_f974e1787c3012cf06c8ab6bc6c61ddcd1121ecb_1424255808000:0.13471359452848317
gov_nasa_gsfc_gcmd_5cebcd8431c1a9be0d4b84a4cca947f6e2b3a2d5_1424369694000:0.1216781812474301
gov_nasa_earthobservatory_6bc4f03004590e46f39e51b145d1e05e3c25d885_1424305891000:0.12054821506996613
