gov_noaa_coastalscience_1636258032d75d7e24daf2e99e26cbce3319110f_1424157428000:0.8876720606030702
org_realclimate_www_a65b3e19fd5191db45c013071ba32a05e177e8f0_1424628253000:0.7394927551681464
gov_noaa_oceantoday_bf68480246e339609127f9167833e19026195088_1424161814000:0.5962138830627216
gov_noaa_coastalmanagement_8b3f41c9cc4e3cf73b3a2a8cdbb1929cfebc5bdd_1424157197000:0.5877789994004552
gov_noaa_coastalscience_00d9e9c2aab2522da4f27fe788c967bc0c115824_1424194932000:0.5226368420294736
org_wcrp-climate_www_5ec251b4ce4931c8cb73ab23e9e896eda4bf780b_1424625339000:0.506908727814497
gov_nasa_gsfc_gcmd_3416f4886b96fe6e5ec5f49ece3d3cd5e238fd90_1424364687000:0.481241613357499
gov_noaa_coastalscience_1ebf7bae66d7c041ae22a9436cc6425c3f230c11_1424156997000:0.46560171864292266
org_wcrp-climate_www_267da3397b216e75bfc9e017515ff75959b79171_1424614874000:0.4655485178229615
gov_nasa_gsfc_gcmd_c865500995064fceeb7fefe64682a1244edb3390_1424247490000:0.45765964703477097
gov_nasa_gsfc_gcmd_a95b7398f22e1f38e67393521e024cd1a43ea08b_1424364265000:0.45765964703477097
gov_noaa_coastalscience_2eb88e4ad30d11a345ef1c416c8c73e0dd13945d_1424156468000:0.4574559549470698
gov_noaa_coastalscience_df5d52d6096bb8ebecb39d419f8b2b42084500f9_1424157632000:0.4393265304693598
gov_nasa_gsfc_gcmd_d1f3d1a46aeef22a0de9424f1169f526ddd7dbf3_1424252483000:0.42625365858850806
gov_nasa_gsfc_gcmd_571800d8fda36e16eadc3e8be9a7874184954253_1424363617000:0.39069826708698085
gov_nasa_gsfc_gcmd_ec96146f345ca404a5dacaaaa3cf21db0124a124_1424252445000:0.3853148834216789
gov_noaa_coast_5b72c125a56196fb369902a387ad5221be12d92e_1424156097000:0.3561874540904866
gov_nasa_gsfc_gcmd_8989940e322c2e29668f1559328c3a01d68aef9c_1424251733000:0.3509225778556408
gov_nasa_gsfc_gcmd_5db19b110c7314ed1ea148fc128f48f1e611f09d_1424251983000:0.3464440735358215
gov_nasa_gsfc_gcmd_065136ca78ccfbc8a67860aaabf4ad21865b7895_1424247086000:0.3383540634591614
com_nationalgeographic_ngm_29d5e4c31d437a503a74184327984efa288c1c7b_1424621086000:0.32099782982464636
gov_noaa_research_dd3440e993252759ffeb5d6c7587471cf7c6e00c_1424143548000:0.3
gov_noaa_coastalscience_aaba39676468d61077da4714a331324dd7eb46f8_1424157172000:0.278400333599337
edu_ucar_www2_64d3a7bb54752b9d2536de058693251a186972a8_1424611289000:0.2466403234588436
gov_nasa_gsfc_gcmd_7a6d18446fef269da824736f223064e3a03d0e02_1424249270000:0.24195050063710058
gov_noaa_coast_2d3b3c3312210007b3eabeb456a0633faa262cc0_1424158015000:0.2048405419492751
gov_noaa_noaanews_www_e963607de0a208156cfebd1c2c4ee34469ac16cd_1424157616000:0.17353982596326434
gov_nasa_gsfc_gcmd_1e97c09b646ad63c2e84a8ddd1a63bb6ff6ebfc6_1424252963000:0.17350567424108396
gov_noaa_coastalscience_0fb4d6b8643a2d1d36bc237094e842cb35cf64ed_1424156764000:0.16581892430799638
gov_noaa_tidesandcurrents_www_956c146e4eded5a65db33a5fe848687430998a05_1424156532000:0.15196242363750384
