ebola-f5c8a1099c11fa8a81f56c26f01e5c68e4f240535d22f86b165dc76b834020c3:1.0
ebola-c98001471abf86591eed36b756322f43d8ed3af30d7be748522abdd838342d1d:0.706067290596333
ebola-0321e793661ec5e393d6063cbafa0543e043ac2b110c41ab78b7517d9a68d472:0.5449085924141766
ebola-d2065c7371c452672420f2fd99391dee02101e52aa1e41283d65fc79fdbac7b4:0.505790929681023
ebola-0ab59822c17485fb005fe44b00480fe9f8c7fb261f2bfc10e751bd29befff5b1:0.4387105177001267
ebola-8745e2b824f734aab76f047e5a9986327730fb7646c8f4c1b92deadbf461a11f:0.4353484917359964
ebola-53bc46bea146b568a1d4cca9b8430b0e8c1788360eb1c04300bf1dbdca4389f1:0.41430086351891515
ebola-af4a52d664e548d984a915b9b206b449d68476fc370708a8f56dff92ab7cb147:0.4086952125073717
ebola-401a174aec1d7326f204fa19a751db9230423227dab2786d047d81e34a4d39f0:0.3988882977215462
ebola-4f08001fde0c767d06d2912829fd83b64c37b1d6916432390f4afacefe6728cc:0.3986596017855184
ebola-956b750e989a598322ead92b084c3003b22f3e995d2924f558b1e9e9e64b609d:0.36821294672199345
ebola-ccfbc5a5289dd61a61437c46dedbf084d6cbdd31e5dd743ca9e42ed903bdcaec:0.35870225992989757
ebola-94af4574033631eadc3d265be7c6b4b2302c0e5a4b0e2c2c73c5c22aa462aa9a:0.337131700481188
ebola-e31df14fc55180e85f0e74b626b2f7dd50fb4884ffd7aa59880736c67b3b9ade:0.3209125542343397
ebola-e48bc2b491d6b41bdc2f25766b4a68dda4725be75632e893c0bd67d9d48d2862:0.3026431941035193
ebola-7cc409783eb096b502cd994630279614313894ecb82b78a968d3549cb5af6cdc:0.3
ebola-03a187d1c753f66da84adc9370fb765264cba706cfa9361e65ac3786432c4218:0.26667827215714796
ebola-9f7d2f7905ecc043c442328dc62a219eca5120a0e3175f08560e3e23fa6ee945:0.2076955431578896
ebola-de51ed6b0cafd067307e79ab29fdedd8bf3e25ceb70f7142ffc2b8d43fd954ba:0.20101202190433598
ebola-36eb62c06a5a5e9481d10a96f19bc11b1553a862a406d4ef2f44b13a1cfd0a6f:0.19511794460947524
ebola-ddee40879d3479031469952de88cba1291ac195005ea778fa8f36244713d8dfe:0.17760229441342706
ebola-9d07643ddcba9e3e3f5175127314772a2ee04db6bea2d13428d82c50c96a57c6:0.12856873164288204
ebola-877ed3a2a77f361e57ee609134f71fa493e2c86f198c177a9791dd5ddf7a7cda:0.12818512769624352
ebola-84ebb72594603b9623ca5cd7eb7ccb892570bde7a55be0ee6e6d76fcae707535:0.11143641278824351
ebola-61466308ed9b88b0d44daffd560a87f8ce1e49512cb038ac6d40383fafd11e38:0.10801404963144157
ebola-962eeca121ff9934c17884419a585cbdc4c033442e78cd305f4ab2cf3453de65:0.09689171251062732
ebola-54061b9b08af7a71bbb5c404631d0cfdcc611fa9a8e58f23e043fd9968b4618f:0.0767890500326154
ebola-b7d88450075a3214b34518babe90e4be09529f36501942bab7e2d093fdd3c3cb:0.07379485682457063
ebola-4fe4eaf0dd18feb8b436897fa80ca65ddbb2dce229c386caf07f3ac2ddcab486:0.07210144589541784
ebola-d0c2c9234fd852c13597279c52785f9f784a29429044abbf5cc6353a0e509086:0.06588535640810368
