gov_noaa_arctic_www_5adb5e1a61942c5a45fd55bdf928adb0baa5c5bc_1424157674000:0.574996498376751
gov_noaa_arctic_www_29ba803af31569689b38c1a4bf3764af3651abdd_1424157457000:0.5666962217257445
gov_noaa_arctic_www_47376cef6bb8c6818201c5a2739fa7d4886f2b16_1424149991000:0.48552876120942257
gov_noaa_noaanews_www_855ff22d6d69089806ae9585f46e22437b5a3d02_1424143572000:0.41956658678123004
gov_noaa_arctic_www_9b8f6b4b5ae1b4bf7d500eab08e9a1c54fbb27e7_1424160523000:0.32416919793533133
gov_noaa_arctic_www_92a3288a1ad030c8610f979cc4cb806df1e11dab_1424157997000:0.29622925526044414
gov_nasa_earthobservatory_897a1710b48b22cc2c3acc003098fd1c8c5ecbbc_1424277753000:0.2775062926375703
edu_ucsb_nceas_www_98041fb6b49b8f68e74b988edb9e3f2fd7eacbb7_1424626287000:0.27058829144609753
gov_noaa_arctic_www_8b0aa52f942b850b2b8d27442154a89f25484a62_1424159458000:0.2529188195778669
gov_nasa_earthobservatory_e120751ba85fbf0fa8e01d8a3bbc573a8dc02910_1424223142000:0.24053703893310963
org_aoncadis_www_b79f945844b182716e6b144a6c20c666f720f034_1424444851000:0.18225319042851648
gov_noaa_arctic_www_afa72606328ceaaa3fae7c5faae01b4533596d6b_1424157584000:0.17840728168241396
gov_sciencebase_www_69c6295f1573ed4df6da1fc13f160b9582a3ff3f_1424612159000:0.17665421459723155
gov_noaa_arctic_www_482689dfa9a6b2bfe25ce95919ef43b107ae5f89_1424143778000:0.1390733210859026
gov_noaa_arctic_www_fd5589862328e6e9b7663c085462a7326026d526_1424158264000:0.12183774361802777
edu_uaf_lter_www_f988b40c4970b0d87f7ac1f66a2a4aad5c563f53_1424611187000:0.11732719243948644
gov_noaa_arctic_www_6899b2b358afbd47b4639f0047d6981dee4af128_1424149759000:0.11455612442275419
gov_noaa_arctic_www_ebe5c29fb504cf34d09dd87bd37f45c86baa320c_1424157941000:0.06677329596358741
gov_noaa_arctic_www_60ebbde35a5fba36e8213255b97ef9db0a7cb226_1424151407000:0.05562724456539522
gov_noaa_arctic_www_95c99d6e0de7eb78c081a494d2295d82c317a6dd_1424193751000:0.05532454301160774
gov_noaa_arctic_www_b03ee5967e0a8c53b211c787e5df573d424643db_1424157718000:0.050453059726922996
gov_noaa_arctic_www_688b5cb9ec6905d4b847b4602b29093220b72926_1424157128000:0.03998686288095776
edu_mbl_ecosystems_2d6aa1a3dfbe60f601247ae706736da95175955c_1424620385000:0.029918883922444305
gov_noaa_ncdc_www_bf2c39b7dd83a1c7130d384613475b593aeaabb2_1424157597000:0.028023938989106868
gov_nasa_gsfc_gcmd_312e87f566a38ffad4e34a3143537b002900223b_1424246949000:0.01170515684695966
gov_noaa_arctic_www_2701ba605b79680ce438b0613d6b6e5d4e027707_1424157541000:0.0032233029301696977
org_aoncadis_www_7faa25fe037ce7954422499fa25f6324b9e8096b_1424608225000:7.218371980670106E-5
gov_nasa_earthobservatory_fed913c6b80a3163b5993e143fab83d391288ee8_1424307042000:0.0
gov_noaa_arctic_www_678e43f09761f5f2401d871c7b67e7ce1e4585cc_1424157314000:-0.8962544780339459
gov_noaa_arctic_www_591a49a2e4eb4529f4796661deb554c5fce83a90_1424160682000:-0.9426605193317885
