ebola-cd03e0fa598195b678914c4a32e3d2395ecbd0dd8f2926354b7cd4922848990f:1.0
ebola-889409f2571906973b2aa8d4cf3f148669e740af3fe92b1ced309a5aacdec690:0.9990227990625024
ebola-3314f35a55dbcb49ab5c1c0f9386d5f0f2d0fde0a79345d0a4839deeaad1043f:0.8236345344665957
ebola-40e1dfc80eaeb1705341e388752e0d91b226383c516895cc64e2f06f40ea8a3a:0.7655887637417419
ebola-9fdb21dae9dbc7f53f260becf745277900f0f759295b5a323b25b3ec9ef756ca:0.6072446082515053
ebola-bd64dec54044d5c868e253e84facc123b8979f8ea2f9c1dbefc5636b8ae8c219:0.5593227665143989
ebola-7792103a74e626470a7834286ec1c066d765ae334eb8571438168ed978e3b255:0.5554383358820877
ebola-f31b1ece713598930721e946c35ae0cc5c1be44c6c6740989699c531df764009:0.552727924012032
ebola-58c00f82c27c9497992dc3f2be5d21fda5cb7f3980de8d7d469454e97113c394:0.45589672493347966
ebola-dbd8f163cd5984e9c6ebc92afb4b5f5a85dbd5b15cffbdb78fe768a8ca92fcf6:0.4433838307227065
ebola-3ce62a782b2deb0432e511a098ce631ce2a39b35cd90a2fdfd7fc6e29af1fd45:0.41668537939745937
ebola-891902a58b05600a6a47e4c66993c770443ebc0f6df799fc1b16f2d7da530021:0.41368077625241817
ebola-51c6d350e897850b1b1b654e54fba32e8f20c75642d3a957c8ff138508085221:0.35844332605555174
ebola-7286d9037b236b5d3e36d1672d4ccffbaf8cfe8091582499d40f38d3dcd8f630:0.33140025407702267
ebola-5f7c503515942fac07965b5a7f893c3de7f2f1cb477a94e42d450ba4c8afc1e5:0.313178747324107
ebola-378e25abf0a879df20c5b7be93edd0172078b25309c4fcec94dea9d7db379bb6:0.3108437020386868
ebola-7daf7b9042bdf026a059f53fab17b9a01927f8c7b27175d56f6cf0da245eb7c3:0.3064168722364272
ebola-d2b9dad104b898010fed3e07fffe7ead567f0539f5cddc33d770ad6a215c3ac2:0.26779615243942156
ebola-bcce84cffe09e6680435eff330258985d838f9406c32ae61e6cc614b3bb9bc4c:0.2591409663585226
ebola-1b135c793315751cee118902b501ff73949c6d2e96ff13767e6316dbeb0c429c:0.2534935625873286
ebola-5641e952a5bf29cc99f04e77f6d11ccc3fe603771145da264ae984684de4ed72:0.23619410749415493
ebola-c463e4ff83bc883f9a9e9d262da4f6d4729965e331a84cb836dbfe8aea23b397:0.21757898704730838
ebola-fa816a058f390571fc9d535fceb61f4605bbce3c2d33b77dc2ceb060d6f77b85:0.21436765477293238
ebola-7854aac1bf5cdd4087b062dd4b5987902207861dc30d32c97797ed2f51619c89:0.21008018044334054
ebola-69b4a7ec1995388c64da7300c625b6e6eb4af91f4c6e2f33359c57c57385a147:0.20585918817101567
ebola-4a37c4d62c76c132dda68517ea79f064160c213a2646a9e7ffd1a9903acfa583:0.2016320734980028
ebola-56509cbe2dd50011bf6e04f048f5563e32da8e901b2062425b14ff285177abab:0.1878430476894322
ebola-fae701f9bb67c8e50735d5a7ecf33f9a8246c2ee1b6e702276034889945db934:0.18090820447090974
ebola-445448e8fcc93d150e55bfda7c2aee9ea5991838713fd93f5a77182854c2db8e:0.16670969771881503
ebola-1183865bae8d6365325fc8360648f353009fb52c818412f86b265ababb7008ea:0.16364007426318986
