ebola-45815f30f5903d217d72b3d30b4ec2fec6bb4f306187101a0cf0f6d7e8f83f8f:0.9921789344547074
ebola-08c761704a2f61abb529447905e79a2370b6cc5c9e880363644002d8cdd18651:0.9527285076447791
ebola-8fdac686a387ab73c054b1a0c205b2c7c10f8defd9d6537f5ef64ba8453f9f27:0.9272021571144015
ebola-51d2769bb77b66d76b5c957e85f6a3089fe84615c47bc2b653ded32cb4242ef7:0.8872171590361395
ebola-7220c029475bd08572c3c86d0111c11b9ea0fc3ac81ed9987a5045389f61dd6d:0.8172685842206662
ebola-f8d2bf481396b361bd34e0f21a7520736d12a5d3ed1054461eb4327c49ecb39c:0.7455762499180404
ebola-c83662695110ffcc0bafc0d7b7cf840a17806fd7d90d4b9bc75e96053606384b:0.5766669670145737
ebola-6cebb66f16bef7613861d6ce5b5b4fa6cc3b41dbc9f9c404cc1a3aac02bc4670:0.5159550133356361
ebola-ae49634fc9ca854ac1e53cd0f8cd53717b644b2fbc0a421d78e5db18c429dc46:0.48701804178847397
ebola-ae8d7472532658705e20d57e8ddc8cf56689ce20c6dd28ffb7dff4432ae8f5a4:0.46394987878818683
ebola-63b8d52f3b0e94f5cf3cb7b38e2cc7d7adfb63934cee6ac91598060a1aa57358:0.4271027667025282
ebola-292cc21bf49a0f54e6e08b55492eef3c86cebf34c0527a95b750a28e80b16c43:0.384925193112959
ebola-9da9f2499959d81c26babd1bfd6ae607f2e115fecbb2d2b2be840b2aead490f0:0.28807082165230424
ebola-c07882cf0c3ff27a9d250bac96be9d05dc65f38d241ff740fc1a98bbf51dd485:0.2834189822671975
ebola-c886407b4154a70891f1a1c98edff6346640ecd2da4e7c27f7d12c4b56a907df:0.24010906988777592
ebola-f73c55bc86f22ba436a8e267b9700d85a395e6df1f23de2ba9ec8fbec185ba82:0.22589342536869736
ebola-513825373b7eaa6aa279373df8e7883da51ca4884b506fbe03fc4958e042bc13:0.22588253148591417
ebola-a4786b774bdc1b75b8476de7a1a4bbcf81ce2fdd29d2a913324225daa0df6637:0.2145238397963889
ebola-fb9d6b49a064ba4a47f84c47e740b955f8bb127ca98a39f044d41216e63c351a:0.18743304255148344
ebola-1e2881e03315c394780e4b916793d1546247015efaeee93cf9b109ec20da7f54:0.15167161350775404
ebola-f795f87aefb61836f8176a61c01aff576649004ca5ff44aa87c648846a831fed:0.1486476395562963
ebola-b801fdcd1dc1e9f3dbcc6f8799981317a37db5665a7e5825139709dc62dc7f82:0.14645317388562262
ebola-4d157420dc4e37c56dbb160d29ec9b4d89cb5af805ec923305780aff19992c3c:0.143860567421594
ebola-933525af3b13de79be450af3b76ac935d59baa23f622198d7deea49970acf7ab:0.13782116428054073
ebola-ddc1ee5f98ad288546fd31b2d1564425a46da92970b031fa11c794e9b4a13100:0.08971917475639132
ebola-5ff0e9a6a7132d738b200414bbb5cd9789fa09aacc6033bf1cb889edc3c89b62:0.07053867909646229
ebola-046a85e230eda91bbebd626d19fe482508f69d01d781bf5b09512275ae894f0b:0.04496315737484379
ebola-5c9758c536195ac7cdbb3205c3bae1ebd364bd6aa2a0707b0875518f9b48420e:0.04195897304653099
ebola-bef284c3a3ea49921b112c4d2d53d1092fa0c8f739795e004684db45c8bb9b4f:0.03296813551485903
ebola-ad39bd36a201b7a77839b420c282bc539484424d0e3323448422d185765a5c80:0.032910529974729846
