ebola-26d86ecf3106e9833353b3cff01c4dd166b0c02ba3a9db903763ff77b098c7f4:1.0
ebola-9230e13e47f8d8b446b78a203b79c7267c5eaf50483a75b86721ee5863be8cd9:0.6602875110764423
ebola-e3d399d5f4a03b87d7db16b2e4fec6350596ff87782ef858c19910258042cd5c:0.6445658321599065
ebola-942c9799571cba8cbffd56fc78f9e83bb301efe6ba5ea08a5018d126a157e554:0.6276184175810566
ebola-29ed94daf842227a1afd5317063b4dd7f2ea00acddc78ef6927d38552b9ac3d6:0.5619196626030802
ebola-9070c7fd8a11a2eadac9dddb1e6228be3e980b90887eb2d368698cc33e723da8:0.5551467574832706
ebola-5c9c9b552520fa29d072abcc5432c55a88e84c5c958394b47381e54bafbf2b62:0.5486036753956103
ebola-9e53bad26e4eff191c37ab308d00a9e5fd43c4e2fa395227abb165002a1222d0:0.49051006861935537
ebola-63588daeea7bf65f9bb845768b8ec69899a9404b0fe471b268fc6c90a489ec62:0.3994845164886571
ebola-9ae25c1b6eca9563b490eb5dd926500eced55e101159222c2fcc064a60a95475:0.3678551705397234
ebola-099f48bf0486d3cd89b79dd98d320a29ce00f32b1b1a47dbbdf2b73e57d013bd:0.36159603152876174
ebola-462e41ff514a994573c50232d85eb0fee69a3ab03bb25589aabed79175e9f39e:0.35546762399797094
ebola-24751ab1a41cd15815ff369dda956041b8597c4c3c4efbdc3d40f4cae49205b0:0.3
ebola-b797506e99a668153cb0cc05ff28c33a2381189f2f3bd25c41e0dfbfc5eee725:0.28373122603598916
ebola-315208c656073e1597f0d80d30dc00829e42ef01cb6df50bfd9f119d5817d00b:0.2707203655110032
ebola-7d2c63a35e3f7c3a7405dc325610c17c6b5b73b96fe293e96bb01e4853441042:0.26512694369050444
ebola-c38d8813d6a95267bafcc482a0eb97203f6f2c14bd51d42d98e035120f2a937c:0.22782199128362776
ebola-ea1d2bbaf13039979bdf09f3e8a74a09720c6200b347ad92c118f61fc7f858b9:0.2162267313276678
ebola-5722d2efb9fdbba9d26f05aae799f9367535465301d07030ee7905771ae85dfb:0.21246837016638928
ebola-f8aaf7072dc245c532d8c7081a9c2f76840d94442a78c449f7890da100562888:0.20741848366501345
ebola-0568eac367ecdaaefe57c58586860a60d4101baeeaf6bfbe09b341b3f8906861:0.17949359847550347
ebola-269684928e4b3bcc7cdb5efc05552a98dda6e03e9a58f3f67aa84e54291f9d24:0.17739020088541638
ebola-3d6272dd14cf6124c388b6011ff3d36d5b2e807754a88d89686106d6f6729d8f:0.1546134763092522
ebola-22e8f9636895dd99413f03a279f7c3edf9c3801007e07231e75c50ccb4ee0709:0.13765229994247566
ebola-b860f681dec28e351e1e23c1ce58c0bbced105178e3f544ea72f00f7294b44aa:0.121504992727554
ebola-c522aabb750fe4b19b7779a84f6656ac4d690306ed82e220a4f695d89ef0bd76:0.1162687553823701
ebola-76ca6fb521e0c4916a0fcc6510d408c56937b56a6f0ebfc5b4d4e4a1673dba18:0.1059523114218799
ebola-362ed3b45d0e6b13f9d41e447305c47ac38c243d56472184423609dab9d09dc7:0.10571226755908923
ebola-1718445fb626e1b3d273de366fb99479ca01be52557dae0a3d0e3579f4a4f1ed:0.07999586592787535
ebola-f3267f63b5a51581c6d473b422629a4b0b931afe8f5d94643d608b6752a4831b:0.06711995375649132
