ebola-d0fceacfad3c5b83b7b4cac70b7e891750b794e74a055d100bc863da813ddbe7:0.8879196487549477
ebola-4450310b6cb8707b61abd007db733f8cc353650d691587f64878f602278210ce:0.8874833906782607
ebola-ca963f89d6bf88c8f3cafe5a5b35d6ad39153d8e482be3e8d47d83d7c7c335c6:0.5908363208009308
ebola-a1200ab10e855c403d04fd34ced05f305d781bea46e81b0d987ecddfb04d9669:0.5187630468817941
ebola-6d6bf7a8aa3565490fd3a268a8c8b482b138e89c50b6fef2018e94125ac166de:0.48154907822300874
ebola-8a9af72b896968df1e9a605926b8245e4fab3792a09ce4c7f88487eb37d4b68d:0.48145352322407753
ebola-135bf903d8cf3ffb9c6900835f15421b86727d39d42c2ebb641aa7034d8db7fd:0.47365539035880083
ebola-e5083ed4f700c8bc600df416cd52c3dd88f5ce098328405449f81ceae1bf2e7c:0.46103636964590605
ebola-ce10a2c92c97ac2397e04d2db0f2c7a2ce00df33859c2a7e2d43b85d0da0d0fe:0.4364076725151135
ebola-7839dbe9258982caeff1034a74a99b7c29f03b2f19a7bf53ab3091219c21617b:0.39552276918437534
ebola-53a52e2e09ecf4b37058698789630880bae37d46c7145f41101d427e4f0005f4:0.3749292440266224
ebola-c586e90baa0ab3bfa4922fdc3693eff19bda583875a2581e39874b9497c18da7:0.33065231919063465
ebola-1dd0ee699cf9766fb681d5a94042929ce473c606bf8ecafc8be37f6e1379670b:0.32309352060665475
ebola-193301c4f04bc1c80594eccdd5e2e7df430c1194667e42d54cdfff70b6f37de3:0.3
ebola-fe498cceb88f30f17ebb05a3bf2e595b7ed48e7e573cd13d0295afabccebeb5f:0.29335713873210045
ebola-576c274fc414e979f9b5d93debbac2edc971788fb4244f07b1e8e87c51b46641:0.2777287622263545
ebola-1c3f406d1b1b289ba4f461bbeadf43ed7f1cd130ba80f13bf41b3fe5df416518:0.26495028655270686
ebola-cfc277398ae166394e518176b26194744f8fe23f8b15e5b51b244a4ef68c7bd9:0.24678029892856912
ebola-7a7a701dcebf548b6dce49b0aa6f87de1c0af0bc45c7dbcf2635d859d46e5b08:0.2315996986148407
ebola-ff4831a186f4c1da8af0d571361e2bbd8d3fc9d5c6065ffea84d27c94c7b79de:0.2244678018697739
ebola-74bd95e5dea20ef8fb5cf7cf41952c27dd131a4351a70acde1d8330dd9155acb:0.2029419371966203
ebola-50c4cad7baeb935d677a069574c6f866ac69627f70f06881bf42cfd2265aa02e:0.20264263441328423
ebola-11ac0e93c756be428fb87c6cbce9b0ffd7e4642858ee0978b347cd3a7df4362f:0.1959252494452329
ebola-d65ea81ff03e73db6fc496b5dbed94c13af3ef90427d64aec37ba706044ac0ec:0.1729861204512914
ebola-e052e5006e66c55d237b348c555804ebe11ae0ab6bdfc468cca3b4fd80a13b69:0.16867339770251946
ebola-2c9a7f08deed7358277b0fbb2ce4d8827ba1c3f967451dd709526016939a251c:0.16564314078157655
ebola-003fc6e28584cf0189070014a7b2636cda3621163f97ebbe872514529a182efd:0.13040179521061293
ebola-13b43abc5150a054bc02cd45a2ad5eb4637fa59872f960d957deeb84d0c86079:0.1257656509662819
ebola-81c3d6245a2edd540bec6101a52575d1e0937b6286dfc8852eed8f35d388c074:0.12535963262950703
ebola-fa827095a50d6c3ca0848e271f2d1938dd465bf9c7632ce4e546534471e25316:0.11555904176583501
