ebola-5916a1a39dd7d7191b86c0aba07327eaf67f4e3a4d13cbc088bab07cbf6f9565:1.0
ebola-6c40dce15cb915ef86c41083f27460f5da18641e6c47479958b37918e2907629:0.9364679254555637
ebola-f222e06d026667ed0f6206729e6dbc391ad4b324c939e880316cc39a164b7e25:0.9238443878887789
ebola-d9ff757bee065eefc6d6a5ee98b723f0e9ea9cae70add51b5c82e8fb66aea2b0:0.9158489844669356
ebola-770b2d4855904cec5a9bc71cca97b87280cc97ba53fadc86f43f3c9c2a661fcc:0.7498264059877222
ebola-91439d8837178ee420287aeaf3c42de1545c6ecac9dd56a8337c9bb468a49c02:0.7184005221720979
ebola-70b5f7bc5d0e684d0e31865a64d6c87b8218bd57102a203e9f3ec53d014b2af5:0.6800363031892801
ebola-9aa5e6725dc1278c76cbe058ebdd8ab182d771783c915844615e7247eff325ed:0.6473449797787928
ebola-d2014af7779e0aeaf02a86cdd565e52a06b4fb1aa4f1e8d0e2d7409fc0128c5c:0.6280671448395645
ebola-85a0efd87ebf1ab190e31b51c7dbdfd714001274a72a3d44082edc36472dd9fc:0.5978403123404934
ebola-9184099db0334ddeb02374a957a213489430a4433dfcde2ed12bd7d7fc041a11:0.47293707780184185
ebola-2b50864a147192641a32709cd0a7c2bc7e545d1e253120ac66ae72be87612a76:0.4198337322069289
ebola-bf7c3075b268601f967229965242f2f680a0bbe8987534fe09782546467e033a:0.41126576468995385
ebola-1e9d03eac4dee36f4530f6416dd9b8916e377449ecd80f4a1ad114b674bd2c76:0.40249292831745564
ebola-e6821ae31a6627a0915b117503f801b2af13b8f0550837389be1f9af19d1d968:0.38828366806998443
ebola-f331b0240e37d76ee9c50857d957f7d150218ccff31f244444fc3080dc7d8254:0.3695118099185649
ebola-3c6b4715e46b87c4b914b2708b4e5a256d9a46d1e11a860fa5161b78a18f53c9:0.36321530210221664
ebola-6b7ffde0f6b3a6b8bc3d333d120ab0b7cca17d794fe8f784d153d4de4172a704:0.3520769768503055
ebola-920621b1d513e04d83f6393358695fe6ecfe75b8a42052272135afa3ab5591e5:0.3426511281717969
ebola-fb9e3a4610ceee73e960836e60bf7cca3f82b28e461caf20f7998e6964e50d1e:0.3372911544998012
ebola-9fa41164932d33bba602b46eb299b2f0132e68efd96acd0fbbf55b589f2a6963:0.3
ebola-f513ad03bef85c5301ecea553687b5df38796633cc6a7fce10519d18dec55409:0.2951387851989417
ebola-739512ff1a0d719b016b9071abc2a90726486fc3f195185bfbf556fd264443ac:0.29197898091611096
ebola-a1afc66ba84725da2d31c36c65f88b52d2e9113329eec4c17688ef61f05ea3d9:0.2521638762244901
ebola-8f1fb342e96b92bd82299544161f97deb221836a932e16666d162aba4b49baef:0.2440770420521492
ebola-1f8e5d9bf257689811d1b6ee86281899a05fa1780fbd5553b90db963b59e6866:0.23076040548009769
ebola-1b9186c0d6901f2e70a7b83e972e29d7ec9cc23a1e0f21b9e3dc03df112adde5:0.22521043146188757
ebola-615dfb6ce9f0bb9fb56d8aafaacffef234d3ca1a963e52e9676e74def78d7654:0.2138932624919526
ebola-3dc0f93fd2c64a0764a2e3a5a34bf7952a334fdf2484065e6ce12d9e0483ae5e:0.20416528492154032
ebola-e6249dc83cdd119623935eef8608575bdef0ba14a828be1202fa8f13e3d47970:0.16733347430164638
