gov_nasa_gsfc_gcmd_1bca6fbe8d9adb5e36fa6438282e4c460bc8f1ac_1424522467000:0.9858091824522953
gov_nasa_gsfc_gcmd_ed249a47a08ecc831243910101d55115f1dd0732_1424544141000:0.8607860117326683
gov_nasa_gsfc_gcmd_5d362c0e1cc55d75acbed359df0351d77ddbd3dc_1424356615000:0.5998252389609879
gov_nasa_gsfc_gcmd_2ef646f86567b9d75e53bb6c629f58dabeee7e7b_1424542758000:0.4871984118283518
gov_nasa_gsfc_gcmd_683f0aed1fcda6c5b37370f36f7a7e1ddab8dfa2_1424544505000:0.46467453797960623
gov_nasa_gsfc_gcmd_014730243448313f860950c4bf14f8ace2701db1_1424522594000:0.4605286685942443
gov_nasa_gsfc_neptune_f41b180723640a636097da8b5a9fb7a17e8627f5_1424273435000:0.3761322393862911
gov_nasa_gsfc_gcmd_25cd4d99ab15f12f8fd664448afeb4d9b7fe9c68_1424520255000:0.353472557957502
gov_nasa_gsfc_gcmd_afd1f8ed2a79ef15c0d04e6807a23b3ea4dd191f_1424521726000:0.3101081052011741
gov_nasa_gsfc_gcmd_59ae3418068c60643e0822091c8c26a22b08f0b8_1424362556000:0.30771350826616056
org_realclimate_www_a65b3e19fd5191db45c013071ba32a05e177e8f0_1424628253000:0.3
gov_noaa_gfdl_www_d1b2a17e286f8df57b9e2b0445912e4e5492ddcc_1424161077000:0.2438672631617219
gov_nasa_gsfc_gcmd_369eefd6f0dfab4a2f31ef68a52fe4b29243e9db_1424542348000:0.22720244432531025
gov_nasa_gsfc_gcmd_25cd4d99ab15f12f8fd664448afeb4d9b7fe9c68_1424341769000:0.22527744899479563
gov_nasa_gsfc_gcmd_16752da8e4e942b7618ecffbf09d981a8cf7d151_1424518904000:0.1695399988703533
org_nsidc_65247975d3abb845b0ea002e270b85df6d3d4e6e_1424141175000:0.16524741826943795
gov_nasa_gsfc_gcmd_3f3bf08ce0f7c74594d6e97a9afc1b8a29b5567b_1424519405000:0.1575171490392295
gov_nasa_gsfc_gcmd_afd1f8ed2a79ef15c0d04e6807a23b3ea4dd191f_1424346454000:0.13859318644627025
gov_nasa_gsfc_gcmd_22d275a9a77b386bf14ce15fd7f3575392ef1d89_1424247260000:0.1353175069098929
org_nsidc_7c2b55c6b3acd54fcc42fd35d1d7b425c16462e0_1424240039000:0.1200858176208415
org_nsidc_32ad1d326a6530947dc7af9eaf6fb16e2afbfe34_1424238255000:0.1200858176208415
gov_nasa_gsfc_gcmd_7567f34b192fe2b64cc547cb41eaf18d8d90f922_1424542401000:0.06728309936176063
org_nsidc_af9a275519cf157395324ada38fac0bfc75785d5_1424233320000:0.0605789590863135
org_aoncadis_www_d3c9e0f892c275d7fb654920d497180e43bbc4cb_1424413098000:0.041161660836230414
gov_nasa_gsfc_neptune_e3c0b27023ef0507ef2021623510ca1a4e0fdc88_1424245644000:0.036466636688584186
org_nsidc_8b48a0726b7fca10eeba449e99ec5cf03f7d9503_1424233813000:0.029633595089731637
gov_nasa_earthobservatory_f712295b3dd795924fa65f1865a6e053fe821350_1424267177000:0.028781877938525404
gov_nasa_gsfc_gcmd_89a087c48792d439a10e63482876ed74050b3dc4_1424520097000:0.021677493374945154
gov_nasa_gsfc_gcmd_7922ca41fbb753b8c5645a82ac1db38aa2547980_1424519981000:0.016650125559299435
org_aoncadis_www_7faa25fe037ce7954422499fa25f6324b9e8096b_1424392097000:0.008321299306696022
