ebola-1fac67ecedc66edfa4463c4d6270ead9cbde5717203bddf16250fa594369b322:0.5130217877336551
ebola-14ac6d95b907afe2350bdb313878831a4a65b2512c1789afc5d74e32fdf0e93a:0.4115366329075333
ebola-12ebd4b66de9d0e4f567b22a2e8be279a52ac385a5b06d82f954cb11efd193d4:0.4046622056597134
ebola-f1aa4a7be63ef623c2e230c925d12201ac4cff8b2520b2430457dad4b0e1af18:0.38345357236827704
ebola-1801e5ef95d7ccbfb0b0375d0d4ea4159f06127eeeb4658eb4f181c372c92d32:0.36757289694153655
ebola-1d91ee0cdaf9f7a8ced61b40a360b8cc192e37cb84fe40f785e2e2261ebc68cd:0.33271275071826173
ebola-3b5ae307f41830dbc8e830de3df590e7efeea8f31046699fe93123dbdd849bc6:0.3037131232675977
ebola-a2cafc0160faa832ec94499d62821bc37585455705f437e919d4be8bdc2b00dc:0.3
ebola-88e86ba946e0435b14e9f8284c713d145a442c053d5511649db18660d6266baf:0.3
ebola-2e8e23ae0388e2abbba37c5a0e1d0bc2f6d532bd74fbc52ebe8662cae14db7bc:0.250398563485606
ebola-958031418013eed65d89c80b2696a975cb00cd3f4e36c31031b86b25c7738be6:0.2279777223121659
ebola-6fafb0e65c5a282cb4de9a4189346ebcb23928039698c031e3873f5f795d2c8f:0.21177189184221445
ebola-ac1e43c189e2457ee1d859656fb00edf4d06e3d6cdaade905d5368be41f79657:0.1873567889325244
ebola-77fea6672ab184e692b154327403129e1a64ad95f9b77aee8a9ddb4c2302ba3a:0.16157956337083876
ebola-413088733a2b94eb7378b486d17a81da2ccaf6c59a9b6d718e0f04a1a24d17a7:0.15143317232059286
ebola-7d06ba634475fcdb4b2ecb0c5a1fc815bc959980db67e03355a1fe1b0e5dbacf:0.15015359828908903
ebola-938df94857f5008b8598a422d6bd8691b65bebb061e125eba096c353a0b2114a:0.14956490668385786
ebola-4caa789bb292369f1a51eacc2b4c4792830f1970e0542195e16c030eaf696c5d:0.12156391255180671
ebola-bf6e1c3791c1058d79de14a757f47d89b3bb31ebef968dfabc8ca084e98c2c7c:0.11066323557235583
ebola-c3815fe61c7524e9b7eea56ffb3a76f1a96cc8946ebe9304bcbd016bf85d3748:0.10751855049182495
ebola-ca2f5ab4464405be24958c436bb092e96fe0636bb818bae1599b437b7d1e934d:0.10543359552398682
ebola-e93fcda4091fdbb0b0afac138a70fe67de548d127c69b023be0ec1ec98a4eacd:0.09715699642121023
ebola-36c92db8d533200fa0af64b3294731feaf157db5841b3144e52da31a4a795f55:0.09612469428175736
ebola-34bb3a5590d477ffabc7624d8130ccf3268a2c0b79fc2a1e497b59633e00232b:0.09241674444167919
ebola-5c77370ee083ee04f47cb610bae1ab7b871922e2dd841052d427818cca7d83b7:0.08766065744223696
ebola-0ba0515e485533a154a8aa0b328b1d846897cf796716de12ea428f1e9c15e086:0.08402761444958116
ebola-262330b429484e132970e2f06c13b1fc59edf3a6a3f61f4f6f2fd5d4573966d4:0.04815657873719315
ebola-f0e4c7d2aa98f7b37d5f0fbcbaedb347ea1ec29a3d6e995fd21ef09f6a8b69a7:0.0441678015121354
ebola-f8c083e5e5fcc7c2b96eb8e33e1b8105b04ba2e96bfd3c34fe9a6f3687befa9b:0.0409231893109801
ebola-d5e9165efeacb040274697b9ba739bc72144bf3223e0c4f810f043af6c47ad9f:0.03551025505952869
