gov_noaa_arctic_www_9b8f6b4b5ae1b4bf7d500eab08e9a1c54fbb27e7_1424160523000:0.8911537178704825
gov_noaa_gfdl_www_958030b06e230db1342c58e22e109b3ab6415b42_1424153426000:0.7318367149499561
gov_noaa_arctic_www_ba0be07ef824079afed9d76f1478c8ce9d35a024_1424628047000:0.7317813083260815
edu_ucsb_nceas_www_98041fb6b49b8f68e74b988edb9e3f2fd7eacbb7_1424626287000:0.6545067820490224
gov_nasa_science_1a85703f0142614cc8c11dc7f7bc2119d0d9080e_1424254627000:0.5995226594425955
edu_universityofcalifornia_8e63f076f5bd7ff3634f6f7c42b84ae277542203_1424624508000:0.5855534068209001
edu_universityofcalifornia_www_5bfd686bbd47a588b2aefe8efc6d65c39dc6e0b2_1424614910000:0.5850939676478017
gov_noaa_arctic_www_bfb288c29a206536695136af2744e7cedb179e99_1424194662000:0.5687265293763941
gov_nasa_gsfc_gcmd_784b3a5541208ba0a08f6a6d0880af8b4743602a_1424545434000:0.4174347546848795
gov_nasa_earthobservatory_5dc70c3ba3130666e4599d432da4527e44e4437d_1424244209000:0.41140960516823716
gov_nasa_earthobservatory_e120751ba85fbf0fa8e01d8a3bbc573a8dc02910_1424223142000:0.39408006484290736
gov_nasa_earthobservatory_6128ec3a6f0ea390c32045234fe12ea2b5deb889_1424218058000:0.3596434412007452
gov_nasa_gsfc_gcmd_bea4ab72a9f496dd871fe7c33b1fe44b0d9ecd38_1424540622000:0.3411526095501447
gov_nasa_gsfc_gcmd_22b9fa908b3384f77b82e6ae27be07da316d51b1_1424540095000:0.3399418207070646
gov_nasa_gsfc_gcmd_d4f40224d5cb9f3a337b9e521548a34c6d99588f_1424366604000:0.33322319079309354
gov_noaa_gfdl_www_1251d0c689bd612fbac5ec05c33145ee19f0888f_1424141982000:0.3266458233623915
edu_ucar_www2_c1d6ace2e739052a8bfb1d15f7a5debf7f7808cf_1424612276000:0.3
gov_noaa_arctic_www_47376cef6bb8c6818201c5a2739fa7d4886f2b16_1424149991000:0.2754931989344842
gov_noaa_arctic_www_29ba803af31569689b38c1a4bf3764af3651abdd_1424157457000:0.2607844019340115
gov_nasa_earthobservatory_406fe73c74a1471a51332754df6a54b1038c6b2d_1424272202000:0.23842693240690707
gov_noaa_noaanews_www_855ff22d6d69089806ae9585f46e22437b5a3d02_1424143572000:0.2191493442371522
gov_nasa_science_05ca97cd2a515514c11559da3700711933f13bda_1424277330000:0.21639934322803292
gov_nasa_earthobservatory_1709ff30a381883f66edc6a5f6ab5bb3ef818b53_1424222632000:0.2065784426108595
gov_noaa_pmel_www_a9de66a3378515f9ecd2f4edff1fe30d6e4beb9c_1424619204000:0.19219763709630275
gov_nasa_earthobservatory_b013505fdbcf65ee93eb7f01b01020ad0d1d767b_1424230209000:0.18349201191208342
edu_wisc_news_1ac5c6f28b7ab8dc6f1acaaae8f0c073ac61c351_1424611110000:0.1524371696178682
gov_nasa_earthobservatory_18751c6bcf03d9baf2c73fd833a5cf8ca7fd8430_1424220934000:0.1520134786395178
gov_noaa_beringclimate_www_04e28764e7266fabab2fbd23f325bcd341ab19a2_1424156657000:0.14183585090938736
gov_nasa_carbon_250ff5ac0d5d9b7fd0b46fce4f792fb585c0e709_1424326789000:0.1416746979000306
gov_noaa_aoml_www_43cab22fc76442205691f97db4579c5fcbc3f87b_1424163501000:0.1395587406030415
