org_nsidc_cabce5fbefa2f43519afed6b7355c0f851f6b9a7_1424240043000:0.9253870140427685
org_nsidc_5652a0f9d64305c5d03b91f1880f3530541a3323_1424233352000:0.9005709437805661
org_nsidc_d671e24f3cecff450d6eee14f9fcd698e4b7c773_1424244986000:0.8884512017980105
org_nsidc_4c7b0a24a4f58ef85b292cd90b083db4b379c0e9_1424237140000:0.803814900719605
org_nsidc_5349d968c3d336799bf6ab6f1fbd529571d16923_1424234437000:0.7923448608768534
org_nsidc_7b706a0d412dfe10364c54521daa83543aee5cfe_1424234586000:0.7896603969846072
org_nsidc_5f03c1dd12388542f72ec379406e41b0b2b331c2_1424237333000:0.6801475860485287
org_nsidc_f4a6ee863852849cf417b3a408cd1697384d9f92_1424239395000:0.6679802694475506
org_nsidc_42a3368d67cc6a2f16c65531c3d317206406bb2f_1424158705000:0.6673917913077163
org_nsidc_e4052e6ae7dca25e63369352a3a7696f8ef28daf_1424239894000:0.6476293003052613
org_nsidc_8acb1019284c470c80b71bf4436a738bc52be9b5_1424239694000:0.6461183090153934
gov_nasa_gsfc_svs_c42076fe6f2173cc45b44bb1b10c919162026d3c_1424232165000:0.6432660181070418
org_nsidc_faf2d28849150b4c1b632c3fee3c941438ab9eb1_1424237948000:0.5775796833042884
org_nsidc_51aa39047a9a598db7ba652bb0fd44deb6a3058f_1424233395000:0.5380691046975021
org_nsidc_078d70ae02afad6f70d81df8372c7da8c199de9a_1424244693000:0.4970059993710043
org_nsidc_74db35313debcc4b4deed2af6341c0a18088e46a_1424237405000:0.46351159536688274
gov_noaa_arctic_www_b8941c30f4a37d62e55d5e45322beb663bdc162b_1424143839000:0.42429506241686676
org_nsidc_42a7bb280e59a06a3c5a68768a7c38dfebb6944f_1424237667000:0.3729899836721647
org_nsidc_34fe3809a6fbdf5a411db4f16b28f95bccddfb7b_1424240103000:0.35726393146071905
org_nsidc_733d4097988dd1cb7c34a79022e7c0e4096ff5cb_1424239290000:0.3218304513852416
org_nsidc_815256bc31b397c04050ccc60e47965af16610d1_1424234484000:0.3123549472960297
org_nsidc_565100e5dd316481341f78dc59d501297868fda9_1424237254000:0.2940273123700578
org_nsidc_9bd2174a5e9d228caf35976e247af5f877ae1fed_1424234500000:0.28281201208693674
gov_noaa_arctic_www_56b231bf2ab7881626741a6e5846232c27073789_1424157773000:0.25941383669536666
org_nsidc_eaa90c1d93893de0a2a84f64581e3f4f3b599c4b_1424241965000:0.2547331338105002
org_nsidc_9c6b89e2f73611f6d10b5a0042a12fb81d3f1e34_1424241832000:0.20913960134667814
org_nsidc_2c735069eb69174375a0d29334f9261e20587871_1424239583000:0.15493632985680106
org_nsidc_0ac660414ebc403375b853d000cbc1cde0c976af_1424237937000:0.13661947577876044
gov_nasa_climate_www_b459fba4c67164aa6fa712b4ed33ed9d254d5194_1424231014000:0.06314363765590171
org_nsidc_f462fcfa87e757238bab01f81d83fb11586a8f0d_1424240114000:0.011935033029612982
