ebola-c23b675734f1a9bb370efdbddfead8b8f084b844108ae4d37301feee7af680c8:1.0
ebola-2ff516924d5b4defef402d9167b262702d373c87b81469d4c8907d4c6a826778:0.819935168355682
ebola-7ad4896db2f375ec58548b547e3aaf027d4072b89396fe81db321992fc8f8698:0.7485184001155488
ebola-1c9360b1bc61ea1e4404805d94c5fbfb15f05ad2fcfec4f13b67ebb7250edc3b:0.7348076582113536
ebola-7ca0fed40561cdff06b0218206a7231302b6f15e624fdf273c94526ec1ba183e:0.697579111225656
ebola-6ed915c76ab8978388051edf6e88a29efffb4e066dabee5a53c3b2aeb26a2f8c:0.46009434097925045
ebola-b95de2f686ac79ac51aa78902aff93d2b40959ecf06281184df2d68bf39b859c:0.4435770612781422
ebola-dc752f3f7493dee6cb1d9f9b02beba239d962adda5d5764819301b3f386f8bda:0.4083357678239059
ebola-a0f792977a42612654ea3ff924418a0fcbc501f549430d28a43914e3a4a339d5:0.40760627891654677
ebola-2f671a1458470389b272a57b1643b29fab033bc03a118c41441b78b736aaf194:0.3549356910694258
ebola-ace76146eabda712d7044005432c5c09d16e8907440615caa2266a66efedae1b:0.32888726507117305
ebola-29f095afc94341ad3ef9577bd03ff65551f9c28c1bf2edc07c28c971c48d108c:0.3
ebola-b92ce07efe2d07413cae9d4102a406e6cbb31b481f7aec7dac0ddd20a6bb9b56:0.3
ebola-0d73f8d7488e2d4b734ff750a288620cd44828fdae32598c0c5b71c6d9e72130:0.29524721658486963
ebola-9acdea9047cc5bfd248358d567d710a254c54251275ce034cabaa58d4b0f0f61:0.2649881847088976
ebola-037a56d69279b722e58c3e31a8363367aad4ef8cdfe0e6d5ccc222542fee4f16:0.2446815513343974
ebola-9b4ef8cfc820298effdaa2391e1df69f5626339f366391b4a7206a152b1bee4e:0.24106348944316563
ebola-577320cbf0be575378b233e0b459fdf81367e5022ac1bf4c7722d9671709ddbc:0.2024131098496737
ebola-380be3865be8fa9706e77fcd8ecffc3477e950aed8ecdf49573c023ff4de753f:0.20151197090232795
ebola-6de0eba43dcc8a7cdc5cebaac3523700469598c1363b0f57d6a66852b8612389:0.20009309809905418
ebola-3e8abe22221b1a11268eafe56161e7b648e89d4bc7411b7886752babd726768a:0.19407877994420591
ebola-8a504f602986e8d0a29577992a1d82fdbed512ff8db65a7797a054ed2a2eb1e3:0.17066604445859454
ebola-14f5d5c794a3184eeb9d4de13fa8bac8e35082bcf4c76730f372fd92f8a562de:0.11118534630130185
ebola-19007c8ef5419b4a6a5c68a2fc3dd28381043b9d08b6ee2f3cb1ad6678144158:0.10214440406811594
ebola-5c80ac28fffa276fd30fe7322b1586d088a8ebdcbade4fb57beab3f1ffbbc25c:0.09361700633603309
ebola-ba7289f85bd515998431fc8667dc40904db133f356a76aed8cbfe16562bcaebb:0.09074380927446375
ebola-f0cc4a63a385820e2ee0e6c159810846d52987186e2d7fc2a6e4ffa6c6d9a6be:0.08716193494764611
ebola-e3a28c55667c06389f1eb761649a0ab5fb03aaa433cb439956757e75b8732754:0.08715973250617569
ebola-5229f7734d13d9eb7401ba7f85b344d84ebf901c2dbb251d557dc1a07e44ce12:0.08287771428639418
ebola-d4d16dc9b738531c50683d1fe076e7402ca78cca699ba9afd66e12f0c43915b1:0.07826663226965082
