ebola-6e32460a2db81b5aacaa56b13d19193ba337edb2c61618e0d4006105d3a42ef4:1.0
ebola-6650e245457f8c1ae06a61dbdd1e6edb45671ef1e16db7a36a20200e09a372c6:0.9499510974046724
ebola-a67441a9f627465dd6311731078c2363fbdb110355e4a2b0e4f010c54b4a5f87:0.9404661390078959
ebola-fae50b907713a106bd3732c43b0a42114b253ecb5a4c6bfaaa762d529c5d5408:0.7976678058089625
ebola-519d17f22ac62e1e5aea4fe4b8cf13030ef8f797e7a158cded03e3ea8279821a:0.7136455089195797
ebola-7146acc773c459a49a5f2d3e75cca94d72a131c6ff2e227b873277ee5ef460c1:0.7133507516393305
ebola-2f4301fa46c172cd543cff386917f4b0ee42cb504707e5c05b73148f7ae74990:0.5880085506979205
ebola-d572da04ab179b439cde791c1b8a10c2f1ef897f6fc0d72feeac68edd983e3e2:0.5218402628006437
ebola-cbcae58824ebba1e125bdee399115476dab1d50cf6ffcdf84b225f45fa2f654d:0.3779593848928062
ebola-7a9b40178b25bdedd1e29902120a78e351bf458408fb9b80cb9e762afc816c12:0.36148515232543527
ebola-56dcce70579daecb57c65902e9cedac7a08944a477132737a8e7378e690bff73:0.35689309869070845
ebola-4b04be3a3bb56c4ea30e0adef354d6f40e3fbe8404b58b02688a07a2d18bd403:0.33726211309884874
ebola-6b94ce4892b587ece2fc6c40bd3ed9fe6e0dc0bb0f9f460dba39bf69d6642fe4:0.3088820142521469
ebola-945ebe9e53d6855dd611b83b01e6c07b0191f8353d65ff50ebf4060f02b0bcff:0.2224210313633677
ebola-f34ede425c3345de0a146d53b09bb8e406467cc1568871d8f64c0d27762eb394:0.18613767281554802
ebola-d572f0dfa11395270389fcc997c371b1ae4abac6281b9a4192e1334a934d43f4:0.16133614234817042
ebola-f0abc51d119e14807e34f4b2bbbd83be8a4b85958a26a6fe2ecf34cb091b4632:0.14428269518114006
ebola-26da2dc6302339a4364ad3e0132c2dbac0ae00e5dddaca922afdf90895beb338:0.12740705660400467
ebola-189624a4b419a0a0fc4090bb3324ccc5c98255b5765800f2954dfd4732b78c50:0.12485586822543468
ebola-0dfde1591e96ff850f0b1de119e1b8eae0d1adccdd26ebf1f0588244a5c6faa8:0.1231004107606139
ebola-be5ad237f8b3daecc0a01fb9642360e9cc62a3f9abef75fc63d0aa96d13c1ef4:0.11922178783824969
ebola-cf7b702fd1b7ae2ce6601ace0000979cbf8169d4d90e7635dc3e7482ce86ada2:0.11922178783824969
ebola-a47c0a25a6a11fa60d615829ba02d06cb5242ef41f6fad1344fd1dd0697f8a78:0.11922178783824969
ebola-656903dd300a5310efea3cdea0800e17a77f3e39629af5828aaaa3a9fc6b92f3:0.11887950442235411
ebola-24e2d03eca3d68eb6485b1e58310f45de627013a6e9f027fc00e304a3f3ffc91:0.11297507641902377
ebola-525422047f2e6e30ff13aff231711da35dbdb05bed6af1f6b70eac6ae4e388c3:0.10474863839206766
ebola-93252c4f075ee94004d3c59afbd6b0d36c5654687718e5ebf0e1a01ad2a95df6:0.10237321171301002
ebola-88103ee6a50f47de5f918a62762b17ff6a83d04c08ea90d54299f1db92f7cdc0:0.10005619930595966
ebola-b7b4e4254d2417dfeb6a12c85853336fd78573dc4fa00443f6876e9e81465767:0.0792962869716805
ebola-bf33666980a506ec2ade0acc70eae649d0e33c99385e520f9feb8011a2a12988:0.0791519422582032
