gov_nasa_gsfc_gcmd_d0a249f376c9f2b66cc065e2d1ec72e63a22c067_1424521830000:0.9025643219590442
gov_nasa_gsfc_gcmd_5b1f7055e59515a784ccdfca2db796d361604d6e_1424251121000:0.8905875334571223
gov_nasa_gsfc_gcmd_1ba7c9293c14ca4d2b7537788c65fde0a012d9de_1424521036000:0.877460912773523
gov_nasa_gsfc_gcmd_c6bef08d5d21791e0086120d2baa1d96f3031b0e_1424252541000:0.8751672231153715
org_aoncadis_www_7faa25fe037ce7954422499fa25f6324b9e8096b_1424392097000:0.8362896242793871
gov_nasa_gsfc_gcmd_9b195b41dbb000189c04fdb7a7f26c0257850994_1424252460000:0.8016556802556283
gov_nasa_nex_9c53062a71c804124399b2bab43a2048b0d17556_1424312918000:0.7402188434310593
gov_noaa_arctic_www_3c45ed53fa4dee982f61996e5439549a255a8f28_1424162941000:0.7095061208026834
org_aoncadis_www_3dd8eaf83c73665dec89031cfd1ee84efa826a21_1424444618000:0.6094268207020039
org_aoncadis_www_dfa973f618557f20db224c88b01cefed480a220b_1424403101000:0.6085025619559464
org_aoncadis_www_7faa25fe037ce7954422499fa25f6324b9e8096b_1424608225000:0.5084859452596506
org_aoncadis_www_7faa25fe037ce7954422499fa25f6324b9e8096b_1424558668000:0.5072510532857458
gov_nasa_gsfc_gcmd_dffdbdf20d00ad16033dd42b671341505849b7bb_1424516894000:0.38587318415357835
gov_nasa_gsfc_gcmd_0afdedd956d89bad3910a8a320407e4bbc1cbcd7_1424248767000:0.3832355306580214
org_aoncadis_www_f36227901c1892c796f8063047dbcffc100cd125_1424609235000:0.3647858400138632
org_aoncadis_www_f36227901c1892c796f8063047dbcffc100cd125_1424406832000:0.3647858400138632
org_aoncadis_www_f36227901c1892c796f8063047dbcffc100cd125_1424402682000:0.3647858400138632
gov_nasa_gsfc_gcmd_a040d1e71ed591550a7821a7952a8ea5d5140289_1424543843000:0.3
gov_nasa_gsfc_gcmd_d5df751ec8eca66918e2f5371626416faa85163d_1424543689000:0.2699698022788195
gov_noaa_gfdl_www_e4bb4464273500c84417f5af2578331465826332_1424156688000:0.25741117032138416
gov_nasa_gsfc_gcmd_704474a84ec305e161730b264fb604b64887b90d_1424344754000:0.18588212504608323
gov_nasa_gsfc_gcmd_db13e4bd45789be06ee69e483688b131ebd635bf_1424250010000:0.17563685163420673
gov_nasa_gsfc_gcmd_23e4a92f85cc9d2e9feca46854e371b10f8dc7fe_1424257550000:0.17563685163420673
gov_nasa_gsfc_gcmd_033ff7f4ae5fba5b0d003c2d83bb1e1e3c95af5b_1424540088000:0.15636904938689936
gov_nasa_gsfc_gcmd_d77a55cdef23ae063fb4663f4772d03e92730cd4_1424545395000:0.15245041646470076
int_esa_earth_7775dc22254465d070eb86d74abe3cbbd75fcec5_1424620734000:0.13577733737077227
gov_sciencebase_www_56dc804dc2c5fee4c6c74882daa5574a940d10f3_1424611893000:0.11332916023140195
gov_nasa_gsfc_gcmd_84a0f8f11761037ace57d4ebda45eaded3674c00_1424545117000:0.10662279604969323
com_polartrec_www_0a8d21911ea724a8d28ae694bc37988b6d27af33_1424611158000:0.1025252398035935
org_aoncadis_www_7a19b21c372687782e5e3afa79b6b607b6d07e21_1424410444000:0.09930396874897643
