gov_noaa_arctic_www_ba0be07ef824079afed9d76f1478c8ce9d35a024_1424628047000:0.8791110750390105
gov_noaa_arctic_www_f1a6bded18d7ba5c71361ec2f90af6388b988174_1424142073000:0.8298509938586134
org_aoncadis_www_7faa25fe037ce7954422499fa25f6324b9e8096b_1424392097000:0.7817750688900531
org_aoncadis_www_7faa25fe037ce7954422499fa25f6324b9e8096b_1424558668000:0.6791022909742077
org_aoncadis_www_7faa25fe037ce7954422499fa25f6324b9e8096b_1424608225000:0.6782486985363247
org_nsidc_2d31a7fc91022a78ac7bb91b577dcb5715752a44_1424237521000:0.4342764662104319
org_nsidc_046135d1711ed13ff0cf42e3056f8ddbc13026d7_1424234218000:0.4342764662104319
org_nsidc_0f74d322c8fea5945a56c74447b5855fe9fbe9a0_1424236921000:0.41718229721310174
org_nsidc_d753ad050e4ba7d5ae0bd40e49dc52828ad89554_1424244637000:0.4013061072380068
gov_noaa_arctic_www_c01acad886076155652ed70285ca2dc3d43afa81_1424153309000:0.3490163861032951
org_nsidc_c4fc4765792e8d3e3ec7f3117d0e99bf294dba02_1424234542000:0.345929217398379
org_nsidc_1593a8473e010b4d72d6b64900cbbe26b9f97a50_1424237586000:0.345929217398379
gov_noaa_arctic_www_e48537c119de2310b13ae2c991fcff3a1bf4bc2f_1424193139000:0.3416681295321973
org_nsidc_f167b9cea7f0e61a3b5bfdab38594e425f55784e_1424233547000:0.3278307549822051
org_nsidc_d1ad68b85973e54dea6f7b9060b4144123db4346_1424237804000:0.3278307549822051
org_nsidc_b653ce9214d7043ab820cf84667b72eb5a3df891_1424242001000:0.30553523315586273
gov_noaa_arctic_www_373cc6ee6a21c902f71984caaeb47b8f84adc911_1424153874000:0.2434658227796748
org_nsidc_4f34101b475e46a97c949108c06ed314a37f86fa_1424231524000:0.24093586290418662
org_nsidc_a94d0cca544df75ef15f5c30eac969ef458c0ff8_1424239279000:0.22822395595858763
org_nsidc_2608167cbbe4a35f91af7e90e810f47838ed9dc7_1424231524000:0.16584405521239332
org_nsidc_93059dc11f53b52e41b5a275c560c3cdc7c4e535_1424234501000:0.11023015354998225
org_nsidc_7e2af754c035da1127088593510a5f171b6ecc80_1424193227000:0.07935053366974756
gov_noaa_arctic_www_b8941c30f4a37d62e55d5e45322beb663bdc162b_1424143839000:0.07450728172675172
org_nsidc_57f79a5cd14e66d802d1057611139e06f0d53669_1424233142000:0.07241422323808563
org_nsidc_49e4511b7216431c1c72ce501a8dacfdc9f6b3bc_1424233832000:0.06586307306963815
org_nsidc_ebe334d9138ed0b44bc14bb332625b0cd60d65ac_1424237517000:0.06458718677426885
org_nsidc_3486c1c0530b96bca689c7b191f78aad92f2d1a9_1424233458000:0.06458718677426885
org_nsidc_d112f4534752d588e9957cea319d206395966622_1424237756000:0.0332933260051654
edu_washington_apl_seaice_465ce981664158291fe56341f5060395f5d695a7_1424610005000:0.02244322504765896
gov_noaa_arctic_www_186fe094aab8c1baf864cad5007e9471dfc2ba29_1424160342000:0.0013574220209589718
