edu_ucsd_scripps_984de414429f8a82e305a16c41891c794bc20f3c_1424625334000:0.9949587392569976
gov_noaa_coastalmanagement_8b3f41c9cc4e3cf73b3a2a8cdbb1929cfebc5bdd_1424157197000:0.46944510233503733
gov_epa_www_7aa97763d7bab2f6ce71217f97b22cd45693d0c0_1424624526000:0.40928692908896036
gov_sciencebase_www_3be112975c4e5334fb64b723464b8a708d4782f5_1424612072000:0.40066220448664386
gov_noaa_sanctuaries_10c86b4b6004aa89244c0f23f405c17d6f11e0cf_1424156757000:0.3564619642082611
gov_sciencebase_www_1294fe1399194088923c48d652a04112b1509d1e_1424613452000:0.3276975752448877
com_nationalgeographic_ngm_29d5e4c31d437a503a74184327984efa288c1c7b_1424621086000:0.3196095369625696
com_californiawaterblog_404a37eb4f01ec8d19f512371c27bc3709772547_1424626229000:0.3021033390385123
gov_sciencebase_www_4d8aa8c3eab011d58cd48d1796df07b3e317f32b_1424612614000:0.296075544721
gov_sciencebase_www_26ca8a6591cc94fd1c3ebe9c8d1ce7aab5ca1985_1424612083000:0.2731629934641412
gov_nasa_earthobservatory_37288f8ed7b1a68d52166bff7412a557f2955bc2_1424224781000:0.2571534960600146
gov_noaa_stateofthecoast_f76a3ee2121d19fa42687d1458c8df92dc1746ce_1424143581000:0.25440165109467705
gov_noaa_esrl_2736897262cac5db57e68e96ed9ef9baecd0a7c2_1424611718000:0.216963506486164
gov_noaa_coast_5b72c125a56196fb369902a387ad5221be12d92e_1424156097000:0.21264040764693296
gov_sciencebase_www_e0d80fdf6f417b22f6a9150952634eb83d1c3db0_1424611534000:0.20135056642093418
gov_noaa_stateofthecoast_7b3039ba6f6e58645f34553a7ceae1a04e5277da_1424158576000:0.19657175821978665
gov_nasa_earthobservatory_6a45737f67a7adf9a5db4b1091e98e7e62a1e076_1424299280000:0.16961974204197475
org_realclimate_www_a65b3e19fd5191db45c013071ba32a05e177e8f0_1424628253000:0.15331494275060695
gov_nasa_gsfc_gcmd_5662c270017ea0d3731aaad06d34723444f231ab_1424247152000:0.1449258476381991
gov_nasa_climate_a0c35e5b89e71ee392828604b36636966e230560_1424219174000:0.13818633979533088
gov_noaa_coast_2d3b3c3312210007b3eabeb456a0633faa262cc0_1424158015000:0.13474871195570745
gov_noaa_stateofthecoast_f0e469fa2c4627ae175cb1924a8cb9f4552de8f4_1424143739000:0.09807419398551051
gov_noaa_publicaffairs_www_6b878b74fe154001e8f987e4225eaf4aa666c752_1424191874000:0.09610026897790973
gov_noaa_oceantoday_bf68480246e339609127f9167833e19026195088_1424161814000:0.08615781768178638
gov_usgs_marine_9bc97bfd7b54b94eb6510fe0c4c3429c08010e13_1424618391000:0.0774759585768411
edu_usc_news_981fec65ce04442260efd48dee0cfdd7cc4f45fa_1424625537000:0.0717513086682871
org_cleanet_419a9789265969db948aa54887c4e1e73384447b_1424632995000:0.05710213411621392
int_wmo_www_55bdceaa2513318b99165d78d3b13fc83810dae1_1424617936000:0.05603370150807674
gov_sciencebase_www_f80e0d9ece4cfa6c5ac267c9febaccdd1324abfc_1424613089000:0.05368295303378411
edu_lternet_www_433539bc273116a7534882a14d8b415b93f063c1_1424617881000:0.04402346295705399
