ebola-9070355fd6319526a595a71af72767b0475a312fa6cab449737a133422cd8141:1.0
ebola-ae8951e07f77c9288331e546ab6349541d70d4fc0c32ca3db9c76c96b0c03c71:0.8137505308484958
ebola-5acd8ca8e6792a1f68f2e1fe2adee17e0d26b6da033112e2c68c01b9e0d2554e:0.7652962651403816
ebola-2e2fa9a8c98dcea2239238a59f2cd9f3df278ed7ba52135648666d4ad49d2ead:0.7381716323239068
ebola-7f59d9e8d1d36b7438d0b3cba6c203d1b967a85e94ee61f7fdda20791d8955e7:0.6150153132412276
ebola-1bbd62fe484a96be675ab80a304f0320a742a2da67f696cde413aee99e9f9349:0.6019693081592139
ebola-ee53c167c298e3c48fa72e30d10c22f04cd03487971a11dfecdcaa2ed2f06e52:0.5193278443506218
ebola-bc0e341820a61ff7e5749a46873bc9db3f7bdcf7be9e15a9cc525219703532c2:0.4590232115575588
ebola-61edf142876859cf36963a1e7630d96a1b19fe81fa533946c8996b00e0b4e7eb:0.4552810322469151
ebola-dfc55032fd9f75ba95252e887f3c4d9f3fe281c7a6c3ff5ec7fc773eb8a98f24:0.4482761664563978
ebola-af138feea3307f2cf5546ad9451415f33e88551bd5f6cff707eb2498eb4649a0:0.3926003445511736
ebola-91eeeed1786a31f1fe03778a269ca34c2b2ec61b4a01b78d52b4a2f3378b25e7:0.38226685564951723
ebola-faf85fd420135770e5310feb8a6577eb685021fc46cfcf544b835277b94960cf:0.34612924362791464
ebola-fdbbd365bb7252a8bf29c0d553414b15ec7ff42901706d0b5fc82c1724ba0229:0.31575304854755415
ebola-389e7875eac50b82875bea6b81cec0973cd45faca0817349e9f5f1e7c2dabf36:0.3
ebola-da30970352c5bc36c6b600456c19a16541f34653249238180803d62f76eb39c3:0.3
ebola-9f0c3972cf1b23c65895d289f253f299c79aa720b35e62f1724383925b968ef5:0.3
ebola-b63ded8034b1cc77db758efcdaf1caa79e33fff90fbe25d62b0a0c025c986ce4:0.29953640091893163
ebola-660b1fc3e085ab48aa7ba16dc364830451683c45a1d9b159efe1cab2f7bf8636:0.2927614966924459
ebola-1aaa90590e496929e96fe06686f881884f6b0a51038568a91c7704538414616b:0.26638854999246386
ebola-3240a48f5a03824adbd9071b415fcf99b38a70778fe28106b88bcd0c6d41b345:0.23765428209712777
ebola-1b7d3c2b505bfd7db8d675cc5b3e60ced8bc6b40055972d831b3d57a6fc5fcc3:0.21360085844164323
ebola-905a544fdaeb42ae7b6b433842ed5e671c940dcc1376e16f24108defd4d6b401:0.20507580476651727
ebola-d5adcf9eaba5ac16820cc338bacbf5485d22bf24e0d194a4d55e7f52185ac550:0.2022101286057911
ebola-400521b3eb59af04b36e475f05c9a7a3e021f102e5d012b0edaf7e9a339907f5:0.1906133005471518
ebola-505ab1c81187be61dafbef6f8b351016123eb5f642fc251b4c12a0006ed87ed4:0.187221911670183
ebola-83aa95eeeeab5b460d6b82d69bff12f9dd8ed70a5d6c235bd48e005e6ef3c616:0.1647911798304178
ebola-0a21ca2900a693cffe584153bb64e03da77c479d2f9a3ef719a64fd8c69773ba:0.15871596180075695
ebola-6a4db1e62d67fb3bb886e75eea598461b85b86b147eee81cf6af7fdb9e096713:0.13464414005550485
ebola-b86c96a376f71ccbb3038c83dbc9f78edb00a056dc5c15b2f688fe5e06030e27:0.1277649937712148
