ebola-083128734c93b3275634bde1af022991b0eea5284bd629a133ad34b63e2caaff:1.0
ebola-a9476d99f58e5a6daa42f12aed3b22dc690b59416280b39c4d7b01b9f6aa114b:0.8824467214725353
ebola-5fbcc8d6a4265450790d08dcb6613f5802653488198e83c4ad4408c98937dba7:0.7361310691664763
ebola-01c038863abf7d94fc022b9fdd5c2f473a774037e00160be6423790e2fa795c3:0.729921204284499
ebola-fee4e2e01878417320687803d29c4c156c3f88410fbcba13b50ff4e9e512585a:0.5616918148140484
ebola-a18a41c81b08ab761aa521c27c4fa8b7346b8f983c02baec0972570647ca0195:0.51444627989099
ebola-9faf8ab796f21432c0c7cdd4b9a2346e81900231d7e456337f64bcbf0e9b8915:0.4967147188880826
ebola-c5a9b44641ffec1f20e08b829d283fad757a9af8957abe41060e8992100bed66:0.4711688561454542
ebola-acbf69dd4a27a139ced379c29056fe64680144b7246a1bfad41e08375648c7d5:0.44086121107832593
ebola-88fc2c272cd188abfd72aab594b0e2745ff730304f086e021c6b165ee2fc313d:0.3995990173362565
ebola-2ecd423a90aa99d7ccd0e92d0569c0048ca0011a2cbae2a31ca4da516e46edb4:0.3763113182836792
ebola-d242a11db5037521f517a481643f6e0091f283782b25ccbbe4bfb6c87b39e44f:0.36568957600688
ebola-bd06477e5e7ad65c089cc7ee972388863c120e09b337a46855454e27ad1fb18f:0.32664742040374917
ebola-f64ac0ac2bc974e1fadd094552b0e86d8577a3b345bdc0737e3cf8bfcb89ab65:0.3114508516543571
ebola-1779c93736c956b31e609dcb01dc269d22393d125a23e6093fdd40bd359b15b9:0.28302170561709217
ebola-73d9e80079065fbe1c3169df3240867527dfd5d4e9543e802ba05c7e650c868c:0.269523469798552
ebola-701c56c89312cc9906722f223fdd6d2f78f7a9311269c873bb41098ea473ad3a:0.19321853311447235
ebola-6079355f5d3917af37bff2c0cc10aec3af2dd17dcdf20d45f22e56ee51a5c5a2:0.12059091558615301
ebola-8a658cad479638fa11b3f9302adf167f9b373e8816ffbb319cd5a2660f903075:0.09566901230329482
ebola-ce95856e66b973ccf3bb94df6ac00297e202d6490226eb63a4b07748e858e76b:0.08503965457270557
ebola-18ff237177869db2bb7b9abcd65a203e36215ee93aa3d0cd29e55bb078a22c25:0.057801848387745186
ebola-1f58793b4ee5eb199669871448d0e6725b34f41f5f3194f77cc2e97dc177e091:0.043030882530678716
ebola-92786d624fdb9cabc2f87c61fe9986caa4da0f74c99da1b92def4d37eca3bc87:0.04197608813420615
ebola-51bd306a4c843ed5e60225815728cb5408becf0ceb1dee50afd2dd8fa82e1c38:0.04063924467194178
ebola-13176fe18b9e9d39f92df57d395bb4437c173216dafe6edf911f6a4e55014a2d:0.0217040637160649
ebola-4353163603b24f4e34409ca1a11cee5ef159ec877b9c821fb296f36345d01fb2:0.019901646605218468
ebola-fc24cf84deb9bba24d9041c979f20db8b5667b2d8df62a36516ecb496879974e:0.002946692785075732
ebola-ef053ebe9477564f66623e08efad2229ede0c94900bb3ef10438c440f209cbfb:0.0
ebola-c8bfe084218ce4163755b0be3be60a22d3d1bf70545eaa7e832b4423da541e76:-0.912449396595961
ebola-eff347206b095f482720d465396932aebebd9e35a3f7b5c70914a0cb01731110:-0.9989989676886213
