org_nsidc_fa17880ad3aff1301f6affa7d6bbb54fdaff5863_1424237903000:0.8700668705884946
org_nsidc_568e8dadbe588c0a2d7acaf12c524373fd816d13_1424141367000:0.8700668705884946
gov_nasa_gsfc_gcmd_8046878812c5211d8465c7bb5b2ee779059abe50_1424248510000:0.772724012405274
gov_nasa_visibleearth_e9d14c804cfa69814d9c0f3cb91dd40be2ec9d82_1424220460000:0.7185138069650243
org_nsidc_95bc59373116bf069f397ba7c4ee682ef46e5a65_1424234762000:0.2721122396246148
gov_nasa_earthobservatory_ff199a9b0b308ddda8bcc1ca657b7ec9ce1e8606_1424266543000:0.23505582295718258
gov_nasa_nex_36b38fb35d02cc1342638fd76927ce71b4059e89_1424277712000:0.19783225770841015
org_nsidc_00a2a4d4aafa3c993dd04251993f3cffdcf4c311_1424239143000:0.1864808303034328
gov_nasa_gsfc_gcmd_bfe47be0e494a2e9edee88765a685ad91e98cc53_1424519983000:0.1527654286641205
gov_nasa_gsfc_gcmd_aeb5cc8ca808398137addbadf753e19ac038ae01_1424363221000:0.1518118235029171
gov_nasa_gsfc_gcmd_2e14bb0ab5b69b2049603adcb940375daa2c0fbb_1424519306000:0.14817735115631314
gov_nasa_gsfc_gcmd_2c7f100992d01220e37ffd639b96c64a3550b1b5_1424520879000:0.14381285032380883
gov_nasa_gsfc_svs_c42076fe6f2173cc45b44bb1b10c919162026d3c_1424232165000:0.12431997079965948
gov_nasa_gsfc_gcmd_8b82869495f214320770d9013643271ae2d0dd59_1424518641000:0.11057778370957147
gov_nasa_gsfc_icesat_ef999bd055f5ef8bb59bf148e590d53a2cb2c66d_1424255581000:0.09188900548334544
gov_nasa_gsfc_gcmd_5bbf76bb91eeed000cb9f81e4573ee5ac5e3d54e_1424364279000:0.08387194433213742
gov_nasa_gsfc_gcmd_209c392c53ff9881366365756a60b0e11348778f_1424521376000:0.07052378926504058
gov_nasa_gsfc_gcmd_3f842deb6ffcc4e0abc35bc3164140fbef094582_1424518958000:0.054044974368155405
gov_nasa_gsfc_gcmd_f308cba49d1a511573e46f7f6fed77bd8a7dd124_1424247800000:0.03096269383838513
org_nsidc_427d78c94d20dcaedad379aed729c7e82c78d4e3_1424231549000:0.02894653354499995
org_nsidc_8754678a296c18168d6ecab92d5852b64d533a02_1424233139000:0.015648019771995262
org_nsidc_c9a44f6be9aed1dc70457df4a5fd11562dad7a83_1424141009000:0.014856373520303308
gov_nasa_gsfc_gcmd_cd19364025acbc59b7751160f26ce5a5cb90ba44_1424519120000:0.011063894575565444
gov_nasa_gsfc_gcmd_871d5d6c6814ca3d16affe9b70268fa94df010e3_1424522459000:0.008913227594343058
gov_nasa_gsfc_gcmd_dea5dd10600510271ac43a4c7faa40c734959518_1424522328000:0.0073780347196002
gov_nasa_gsfc_neptune_e3c0b27023ef0507ef2021623510ca1a4e0fdc88_1424245644000:0.006289115091440255
gov_nasa_gsfc_gcmd_1796239c9534cde182d9d57385d1ae1b53ca90df_1424364279000:0.004443918288899623
gov_nasa_gsfc_gcmd_fa6bdd33a674672fcfadd29e1ba550ea4da86726_1424368521000:0.0038743980335987412
gov_nasa_earthobservatory_c597b1bcbe1bf2dc58544900ecaa390ebdfdfa1a_1424218138000:0.0030108756243160824
gov_nasa_gsfc_gcmd_8f3408535d76ea2a71a76cd90ab55e604f4ec4f4_1424366801000:6.416361550200192E-4
