org_aoncadis_www_7faa25fe037ce7954422499fa25f6324b9e8096b_1424392097000:0.8960950327802657
org_aoncadis_www_7faa25fe037ce7954422499fa25f6324b9e8096b_1424608225000:0.8306309126677127
org_aoncadis_www_7faa25fe037ce7954422499fa25f6324b9e8096b_1424558668000:0.8304075999802525
gov_noaa_arctic_www_ba0be07ef824079afed9d76f1478c8ce9d35a024_1424628047000:0.8246883402943946
gov_noaa_arctic_www_f1a6bded18d7ba5c71361ec2f90af6388b988174_1424142073000:0.7362227049447245
org_arcus_www_c9593f466a42428a9fbcf5e9543f79eb7ac52607_1424611193000:0.3910783604321672
com_sciencedaily_www_9fac9fbf11808830fece3999df2f0f6b555e008b_1424625946000:0.3595777168469067
gov_nasa_gsfc_gcmd_80094921fee771edc1c06ed57a772193b0b1de00_1424545727000:0.3
gov_nasa_gsfc_gcmd_c67e0d5d3a64fd24f137540868ebaa6d8fdf7990_1424520627000:0.3
gov_nasa_gsfc_gcmd_bf959bf04d0148bd5f8d9d95bda1392ce3466e75_1424544192000:0.2969866574839725
gov_nasa_gsfc_gcmd_7922ca41fbb753b8c5645a82ac1db38aa2547980_1424519981000:0.2963490194358689
org_aoncadis_www_f9024d5133d1df0ebf3ef66bed9be057a0fe6242_1424609170000:0.27850511059640526
org_aoncadis_www_f9024d5133d1df0ebf3ef66bed9be057a0fe6242_1424406281000:0.27850511059640526
gov_noaa_arctic_www_b03ee5967e0a8c53b211c787e5df573d424643db_1424157718000:0.2758851639279224
uk_ac_bgs_www_4499da1f796ad7b5dd7c1029d71cdba74bb8cf38_1424617700000:0.26343427947133186
gov_noaa_arctic_www_373cc6ee6a21c902f71984caaeb47b8f84adc911_1424153874000:0.24860637219394582
gov_nasa_gsfc_gcmd_8ff316b7dd3be7df06446e237d6a97391bcb8de3_1424250579000:0.2165071832199618
gov_noaa_arctic_www_3c45ed53fa4dee982f61996e5439549a255a8f28_1424162941000:0.21399991735471574
gov_nasa_gsfc_gcmd_009e149940e48575ca14aafd0df4b523e62608e9_1424520468000:0.20280778245540634
org_aoncadis_www_5486b2d41fc5d62affadedc803527e6b972d1fcc_1424404502000:0.17516211276194946
uk_ac_nerc_urgent_443e97849a58e98b41edba2933ddfc9d6e6a3399_1424620437000:0.17464698527804176
org_aoncadis_www_b93ce432dd3cd105e0e612631b392c8f948ee4a6_1424403769000:0.1646604371666777
org_nsidc_1a8b9c1a645f1ae470a1de4ae4d352579893bd4a_1424237166000:0.15947384609518872
gov_noaa_arctic_www_5adb5e1a61942c5a45fd55bdf928adb0baa5c5bc_1424157674000:0.15844605892395736
gov_noaa_arctic_www_49ab8ddf43b6156f0efada679f4e1217e841ffc0_1424192903000:0.15209422239864331
gov_noaa_noaanews_www_a7457cd5f037041f8167406bed6f41eae459142f_1424144894000:0.1496728791587972
int_esa_earth_8eed68f0648c59e7cfbcb81927508f52ccbab709_1424620973000:0.147322227394665
gov_nasa_gsfc_gcmd_7c3605334af935387ed2e20ddb5d35cbd5acb6aa_1424520863000:0.1332163058700782
gov_nasa_gsfc_gcmd_dbeb134745888e10c1e3e7dcb6315e8711f3274b_1424521598000:0.12977543346086262
gov_nasa_gsfc_gcmd_68d06fca566a7d77ec5085ad6749de0ece70561b_1424519072000:0.11774813250148258
