gov_noaa_arctic_www_c20be70d399bb4d58473ab7a15dcb76b7703250d_1424158392000:0.8625185610150585
gov_nasa_gsfc_gcmd_98f4a40edfaa2e129a433bc01b4339e927b03b8f_1424520551000:0.8365221846875375
gov_noaa_gfdl_www_4a19fb8563764adeb15d9a0f7a0362ed96982607_1424158089000:0.8288333997471052
gov_nasa_gsfc_gcmd_5ec220be1b901e9fe3ee30174658e0dd4ab5b418_1424516622000:0.8170368958247476
gov_nasa_gsfc_gcmd_ab7c0b73cb4551532a005196755ff82af912e4ea_1424519528000:0.8080601283504167
gov_nasa_gsfc_gcmd_29bda3845a0dc905dc637b5a045444c08dc56deb_1424247990000:0.7157541609785633
gov_noaa_arctic_www_8806e7f467e4e8b1c970772e8ca3f8ba517113c8_1424158497000:0.6281428316796245
gov_nasa_gsfc_gcmd_089d847be20976f3a9b2fb40a1c488891aabe8a8_1424521921000:0.6135304634728822
gov_nasa_gsfc_gcmd_1688c180e3c045bac66c3588e1d789fc4c2ab602_1424520099000:0.6053116108828018
gov_noaa_arctic_www_fe28da14b9b413861603443d498fec4c004ecc64_1424156701000:0.5529751659654875
gov_nasa_gsfc_gcmd_59ae3418068c60643e0822091c8c26a22b08f0b8_1424362556000:0.5300284042350638
gov_nasa_gsfc_gcmd_80850cafa40df8f48eb93d5b12317f00394d793d_1424247824000:0.5178917505969151
gov_nasa_gsfc_gcmd_cf6eb1c419c2f66de22c84578d19f9fb5bca8733_1424255694000:0.5118645239496659
gov_nasa_gsfc_gcmd_2fb1860dcc5e751812c2bb647c41d784f2557345_1424249712000:0.5118645239496659
gov_nasa_gsfc_gcmd_5d362c0e1cc55d75acbed359df0351d77ddbd3dc_1424356615000:0.5005511457185849
gov_nasa_gsfc_gcmd_2ef646f86567b9d75e53bb6c629f58dabeee7e7b_1424542758000:0.41164011594450167
gov_nasa_gsfc_gcmd_683f0aed1fcda6c5b37370f36f7a7e1ddab8dfa2_1424544505000:0.401613950552545
gov_nasa_nex_9c53062a71c804124399b2bab43a2048b0d17556_1424312918000:0.31454653064766946
org_nsidc_e36274908f5a96f03d6868020d4d5c345ff4bf43_1424234325000:0.3
gov_nasa_earthobservatory_6a45737f67a7adf9a5db4b1091e98e7e62a1e076_1424299280000:0.2753499495676865
org_nsidc_d42ab6a6f745bf6c7ebccfa0600e900f6be9d766_1424141413000:0.24203651835885653
gov_noaa_arctic_www_cda4942dba73e9f51c59b0fe90eb9275a8676bbe_1424157249000:0.22834435935328934
gov_nasa_gsfc_gcmd_44b2fe77dd1f3a9c64d06c89fdbe45ee0b5fa114_1424520128000:0.22659154082760266
org_nsidc_39e6bd2831d3bd7d419378d0a58538571cfcf243_1424547058000:0.18780563846275367
org_nsidc_a2ebe535e87cae02fa7e9fa74d160785784a95d8_1424140956000:0.1511928727393253
org_nsidc_86c90798a4e89b3b690666a038f788d7915078c4_1424233392000:0.1511928727393253
gov_noaa_arctic_www_6df456a5b108828c60e2b9e229f129003b0252b8_1424145587000:0.14044167270341604
org_nsidc_fa17880ad3aff1301f6affa7d6bbb54fdaff5863_1424237903000:0.09581937432809227
org_nsidc_568e8dadbe588c0a2d7acaf12c524373fd816d13_1424141367000:0.09581937432809227
gov_nasa_earthobservatory_8718ba9936f698babb9053d66a5314b4f2a1e8b7_1424294719000:0.05174928113681384
