org_aoncadis_www_dbbdc779ad9ca167592bcd61233ce0adcf2229b4_1424402514000:1.0
org_aoncadis_www_dbbdc779ad9ca167592bcd61233ce0adcf2229b4_1424402221000:1.0
org_aoncadis_www_fcf68efe2717f0949081f6f1784e112284b7dd26_1424564869000:0.5879354925248673
gov_nasa_gsfc_gcmd_f96f8f119ae37d6d4d696a94bf2519503ec62301_1424247476000:0.5017018152857918
gov_nasa_gsfc_gcmd_974f7d9a02f25e8c01a8e8ce375891af958ae793_1424520249000:0.4972290046368562
gov_noaa_arctic_www_fe28da14b9b413861603443d498fec4c004ecc64_1424156701000:0.4721444235141463
gov_nasa_gsfc_gcmd_d898f0e8723b95575da65fd45eaa915efad3d55b_1424252273000:0.43507276675689976
gov_nasa_gsfc_gcmd_b9d8786bc1f0e75f7e8db408e7d47a619f7923b3_1424246981000:0.43465428282448465
gov_nasa_gsfc_gcmd_0064c20ac4af90c798433bf36887bdf5bbb10933_1424251626000:0.4251174169499283
gov_noaa_arctic_www_bcef4f8335dbd5003662b1d834daba19ba92315a_1424161937000:0.41588775585672283
gov_noaa_arctic_www_8806e7f467e4e8b1c970772e8ca3f8ba517113c8_1424158497000:0.415526098898496
gov_nasa_earthobservatory_7b13787ce8aeb3d0edc13b9d2e3457f0e8be717f_1424283281000:0.40558828508000455
org_aoncadis_www_08ebe64073fa899c5aaaa592fbf8735f701ebd0b_1424403653000:0.4011073485528431
org_aoncadis_www_08ebe64073fa899c5aaaa592fbf8735f701ebd0b_1424403108000:0.4011073485528431
gov_nasa_earthobservatory_6fa22eb4708c8b2895bead11100e350ef995570b_1424268692000:0.39180693667794037
org_nsidc_1320dc52c09b9e7ba22add17af8843a3dec9ad98_1424231383000:0.3
gov_noaa_arctic_www_c20be70d399bb4d58473ab7a15dcb76b7703250d_1424158392000:0.2980655515441862
gov_nasa_earthobservatory_6bc4f03004590e46f39e51b145d1e05e3c25d885_1424305891000:0.292218783241615
org_nsidc_f2d36dafd67f19c23655d5f746b77065ec469034_1424233610000:0.2564572058382084
gov_noaa_arctic_www_cda4942dba73e9f51c59b0fe90eb9275a8676bbe_1424157249000:0.25522614894176954
gov_nasa_gsfc_gcmd_f7bfcd613a79637b30a20572e327c4abb2d5b9d4_1424519196000:0.19945573930048058
gov_nasa_gsfc_neptune_7c17c57a84d35edf48c66908408cfa4816331454_1424221856000:0.19859944212366681
org_nsidc_bc574203ef94baccda8cb20c4d0f4a7b05bde423_1424140673000:0.19771645859586748
gov_nasa_gsfc_gcmd_8079a3d21c8bd85ef4378895cb3a9b8e7c09226a_1424247214000:0.18273117963176855
org_nsidc_d2b5acc48efb3c0bef21383900ac77d3f1cafbf6_1424239674000:0.16657698369209697
org_aoncadis_www_a3f19f0fca52e37a486f4fbf6f3477c3d98dcf87_1424412647000:0.15138455418443073
org_nsidc_a0843fa2fca7876b5bef8ad22989bc55b9263b5f_1424238088000:0.14417395796698085
gov_nasa_gsfc_gcmd_c100797624b265fd47229c42115dfa82ca5d833d_1424250988000:0.14313375386612084
org_nsidc_e132297b70dc5c33798c34908874ba824d0e6816_1424239588000:0.09249195259851176
org_nsidc_038e0dc4e67221300a182e4477f9d442d54cf179_1424237756000:0.09249195259851176
