ebola-6201a3e03c8f12a5eea2a1bb27a3f54af874bbc51914325c8eec026c56ad3fb2:1.0
ebola-ebf428940074541231fd40333c1927faeefdc54a2529a4700b2a585144638858:0.8534096130575564
ebola-4f57372e3c49068ca7e0f35496ce30cad51a5c2afb00c3b5ca6dd5ef26ae6716:0.7204312657133862
ebola-1f62ed1aad749f66761a1e92097b3922e904ae1192c748c23ccf4099bc9e7163:0.6999463830122806
ebola-38937c5198739ab97481ec44e182bffaaea388c32d8c9652689c919aa7289dff:0.664325820686342
ebola-0312d3b54ae6e48de4daea0f08ee572524283d47cf11e1a631233915e8849304:0.6570554483006686
ebola-9aeab1e69b896d171bb2e796c4ea3dd7db6b13be09013e23d553a1d5b06c6e7d:0.6149032296852708
ebola-8316f30febe41080f9175b484c43a8ffb4f2140d6c7546449b5f1b316545f129:0.48164477403479766
ebola-6094d1151ef6e9332b69a1ef77ee6a74230356282ef49950828700d50e9f8788:0.47553980346676034
ebola-f96059fbf4a992d8f3112d093e94fcb065b6c1cd5247edaddcfa2e6412385324:0.4704901618293822
ebola-de5929922e931cbdbd3df33d5e1fc2dee9802cba78440b841528cc6c071dbda3:0.46765268833160006
ebola-3ad7807d702b06d9201ca27f8f893330ebe59663977376f674a35b39ba655438:0.46725300407066994
ebola-7e1e82391422275037eaf0cf3c04ff8f4a6731b0f363d2814143d6a7d2e9d8ee:0.46399512824352446
ebola-9efb89eb072d5b3ec796a0f3ad27ce9b3c176a2966c21328faecce6e938ae46d:0.4557967841070649
ebola-d516b61bb9808b27abd2b47665676a06c3fda1095f440a076087c0bf84b7a0df:0.45410775712774937
ebola-8a213b930649fe1c673da39adf732c03ee364fd2b5420254409a3a95055c8cc9:0.4218195706212549
ebola-033e5bb3f425d12307a0a01cbc4c6b98198a1b3535df459e3441627ee9f2373b:0.40188595747343203
ebola-e179074727b80a425b54adf17a89439d9014122a9bd4ad813ff8a1a943204eb9:0.37327550438561985
ebola-d4779fa8082123a6d6049ccd84db0683aff5f97f62485392b9c62ea5e6ba7a8d:0.3447634512907417
ebola-f2f7f5134879f9bb80ca59a6a9b1c8dacc0e2eb7aad8b2b84c7105ffc64d747a:0.33445905142727494
ebola-275dd996df3460391c75b72939ce6bca92b7b821c2655f39d848bb2accbfd058:0.3
ebola-d58b0f327bfdcb7827e027f3477a73165b0bd258efa428f11eb9bf3dd6fed835:0.2908640621576699
ebola-cea542034d358f44935418cd4fcf08e3a56e2cdfca5bd9588084070a0f13db29:0.2871087212538635
ebola-6e527eae43c0887cc18f6a409c9a48e0984f4fa62a249784e34d388b32560275:0.27129930439385
ebola-855c362e418b301ef6b1e32ae78ec3ebb787d739e60680096fbbd8378b969876:0.24135279298929443
ebola-877ad6d6aa25e635492ebd27229ef738acd890c816624fa120c19759bd3ad7ba:0.21775075265831267
ebola-637621f841490055bbe9a7d0d3d1b185855cc444614bf554e90d1a49b095d910:0.19058509848886807
ebola-0679bbc4b949e0d56b61d20ab27863c696ded11eb17cf157992ef143045ecb10:0.17858291128976028
ebola-fe55c52db85a5a88a3e5f41894a8357b937d69d9f645c1792cab086382db9325:0.17688665360394523
ebola-562602397ad97b5aea1bab5430ba14cc1f70ff512708a580b1762d0aa00aaed3:0.13438623250593354
