ebola-90bfe6d4ffa236417ea485a7a6eb0fe78e1859a6291fdb62361a8367dbf31e56:1.0
ebola-76ba208fd3fadd9f63eace4343f52eefab03dc5c929a5ec5b69d0224f1537d0e:0.8724177355588092
ebola-e9302b5bd40362a980f21309adec34b8c39879be1cdf37f5dc0e3a7056e070a2:0.7165671882302479
ebola-ec5de982856ef7e08cd1fa33cc04bb7738f44839cddba888af1c6b33cac62080:0.6654977691040587
ebola-67d2df92e177f6b2865b2b5bd46f561e011dfee53d79e5308a749aa94f2e09a7:0.6102418300879895
ebola-adf6d791e7f2dd068bce4dbdcdc03c4d5ccee35cde2cdb3cc81368f2dd24c3d3:0.46576654833669284
ebola-aa2d82c95aad96abfa7b29674480e7d4f94de0ec5843ad25a46038d607df680e:0.46259587472140395
ebola-8f3638c4d535fdfb8ab500a6f2fa8e139626371305f2cd6964ea58792d014def:0.4400093192118096
ebola-f78ca3921ca366665220c86c15b920f1240415fc8bc31fcae53374f179673fed:0.4297392590411563
ebola-eb4e7b42d85ce52bb66cba1e2914171ce155478abd3d5ab91b689e8b4335c896:0.40808781662526394
ebola-99d091de07c06690100eac0da10690cd869ebc832fcb0604918ab4310cb6a2dc:0.38809928087142714
ebola-946ecef477322d146aeb02482100d8ae73cd4d4ad1bf5f3b5026041e1c73a683:0.3726159642323903
ebola-4698a2739802fb7758ec3ef608be8682d924ebaa3892c1c5b36175c76af5a3a5:0.3411649443957242
ebola-c1f06427388d209683e5890ba799615fd290928642feea6d5c33d272da67b6ec:0.3346042454013448
ebola-8983b0ab71a7b47d9079a470b24dc4ad2edae90ea8f99de916ffd5a5b898d794:0.31431841447874087
ebola-6fd17709548c562473c8772d88bd56061df341f2e22e79b6d72277a83dcc6039:0.2891258720312516
ebola-194df9bc67745f05e318724c191586567788094a41a6b5e8955b49ec9a1f6453:0.2797395310432149
ebola-9286aa5370cea77beb92991d087a051c363288d56430b8a8143679a39cd68bbe:0.27911952039302845
ebola-fcb412aca20c04a0447901c07f66fd4e81ec451158a4e27dedda032ba6157082:0.2637567819174694
ebola-eb0276895cb06774caaa840eb672f073c7948c654de1ebb497a763e633420f98:0.2623795126517086
ebola-16b3e4222d6b80ba1880e1b313368e2ce49f73ed6dc4b21f29f3aefe0d670b70:0.26227460008990455
ebola-50a70746d98f042764e0142b42106ab5ccdcbe4ef9ae9092dfaf91715d345d82:0.21236906565794564
ebola-92060026a30aa9e49a704d7ac5cb2b14a06edaefbe836622704221a8de25252d:0.1550009072177894
ebola-9a655ec85a8a6185779ec5bad7c93fc25a9b5c4d5535ba6ff9ca3cf0390119a0:0.14445024090689818
ebola-7663d509f83e726db96421193301bdd3ef2a399f1de4894195b3d3950d91e777:0.1331416480328102
ebola-ace76146eabda712d7044005432c5c09d16e8907440615caa2266a66efedae1b:0.13093070144688168
ebola-2e52c0db9186571c32aaa1cf0c3b65504d280c824e2352bbea61f8c987d8f0ad:0.1095918585920047
ebola-27fe77723110cdc2870cda4426b650cabc7e0d44a51c2d361907f5aa394eda42:0.1059954869433938
ebola-a13350917493aa3abf38c8f3dbd565f54aec38e8dd3929c606008c2938f50eae:0.1037832750857269
ebola-c518e30ad0a6a83ad1d62a270ef662c1aad8477189d9e2d3d03173560c2935e8:0.10111969650291293
