ebola-c5fcd6337fd23df6131c99a495da34a09b69c7ef19107ff738fa97bc912c53ed:0.9563611225030031
ebola-579c033f08596f9292d099bd584fccb38362ba41d2a79cdcd95f5d01fbb8100e:0.9254066121800808
ebola-389fe9368c2dc70444d7d23dbf1b8f80df4506237da63c6e0aeb715cbf07a233:0.844376457607283
ebola-0bddae79bdae9743198dfe1c426dc116fa810376e0675e40f9726006cec00c7e:0.8351821686795597
ebola-650f3bf759fc0c6e230b3088fd4280199d65cb82cdb80b34c783eddbd5b0425c:0.7279464733885073
ebola-a6292edaa62e7554192f7e44bf5be1987a246ee5c60bf1895fc69a80ab34bbdf:0.7126984922136351
ebola-ec45590a2078bf0ae4dcd5d4769500c6709e5dea9c8897a7067ccd6291448ea0:0.6934795155099684
ebola-6ad235ee8c088f50dd9a7426192dcc3d377d71dcf3564ec02c026f18e737538e:0.6821333538278451
ebola-82265f390c9bfba7652986e2fb21a823726594a373218fb2b9c68f7a42bbddb4:0.680781018819854
ebola-d54efe4c898ebb322a4dd25165f0ab85e85425cd772dee201feb53b601b75aa1:0.5808599271979443
ebola-11d900fe9625312de4acc445eb392207d960d4aed67da20e869c8b69c52af40e:0.5310645560666696
ebola-bc926a66a88af67c12f8326e6f88916bc496a379f4ce5bcb6d4d09d19ebba11c:0.4930167928053121
ebola-df04db90659a99dffeb414de775b4b9236b0a83903bc04d671dcf89d65fa00a9:0.472303956140023
ebola-76500ea7a39dd3055ab608a149ead4791b0f12298f9c106e6580a4597843c467:0.43884453017708086
ebola-3d6d29d4b9afd978ba3f8a67d90f6e11e08f8120c3ec8f25b96ff8f1f6353bca:0.37135723658695835
ebola-3da941178d5cd4d545f0bef13882b128caab4a37a5a75db0cc22f3d808442c43:0.36295111021610366
ebola-988366aa831364f3e8ed762649b2f09453487ceff1dc5c4395d4efcb9867a754:0.3386613041922435
ebola-f83250e835749975b070c8260417dabe26341be17efff1e42f5a0a24e5bc6aa4:0.3204613267647544
ebola-58df39dc4242ff152602f3fd347ce8824202cac1e491c0b45f02ae4eff5c51c9:0.3163938724595087
ebola-f68f6ab973400fe4712bcaf84d6b1f037f2fa889aafce7cbb54597eff150c162:0.3099627484442209
ebola-b50739442b70e03108d433434b9cc501fc6d9bcbdd6cfce5ba393b33c5c4f7bd:0.2727808003597204
ebola-605c50b7610be8d8a0cb4a400d364926d6209ccb9bacd831718f7f35b9b8a25e:0.23457535749784036
ebola-6242638499afa01905ddc0e5f5655d775294b9bbff1c230eb426d03ab114dddd:0.21233384461600963
ebola-1e24a7ec025f4d912a0926140b835104f66dbf10d49956538b29f6d31d021048:0.19867827592097687
ebola-2c3e392b58f20bf65f8cc857355c1d2694c155ef6eb8381aedcb034c00e72335:0.09975394005201303
ebola-cb2d23c6adadc7e948403a943f47512bfe8f573aa2c20b2425d05cbe20a631be:0.09736096835897572
ebola-c9f1c2490c3bee039899db73f473e0dc0d505b1e100b01e934296fe8f29ed9f8:0.09669383471754232
ebola-3aad36f30d75748ef0cae390ffada8ed681cce2c2dd687a951f959dfd3df2177:0.08890866790563284
ebola-9f532ef5c0f458dbfc4ce66c884e70eab685c00c23dbe14412d034ed7d36c234:0.05442321772623778
ebola-8443775b70b0678c568fbb0f699fa6a415650ea5ac964f9a3f5f9317301154af:0.03879679751549878
