gov_nasa_gsfc_gcmd_1688c180e3c045bac66c3588e1d789fc4c2ab602_1424520099000:1.0
gov_nasa_gsfc_gcmd_089d847be20976f3a9b2fb40a1c488891aabe8a8_1424521921000:0.9584731716740145
gov_nasa_gsfc_gcmd_6d0c0c34f0d43ce7c0ea1cfdd7f70179f4724096_1424519447000:0.6067710970415988
gov_nasa_gsfc_gcmd_d0a249f376c9f2b66cc065e2d1ec72e63a22c067_1424521830000:0.5950247193311443
gov_nasa_gsfc_gcmd_5b1f7055e59515a784ccdfca2db796d361604d6e_1424251121000:0.492028092721611
gov_nasa_gsfc_gcmd_1ba7c9293c14ca4d2b7537788c65fde0a012d9de_1424521036000:0.47701154993435235
gov_nasa_jpl_sealevel_555795f3880270f918393b9e196056eebdf3517b_1424239278000:0.4712900399963424
gov_nasa_gsfc_gcmd_c6bef08d5d21791e0086120d2baa1d96f3031b0e_1424252541000:0.46910705640303796
gov_nasa_gsfc_gcmd_9b195b41dbb000189c04fdb7a7f26c0257850994_1424252460000:0.44569223345717957
gov_nasa_gcmd_ed1aea741563942da561bb95e04f6fc17c9a8427_1424299542000:0.39863157357715273
gov_nasa_science_d36e5ca7c22f7b75cfc22d5079851fe0ede7e68a_1424278359000:0.3969411775372369
gov_nasa_gsfc_gcmd_40431f6afddfe6c7d3d49c7b4ae33cc8c6432f19_1424256157000:0.39017031733410434
gov_nasa_gsfc_gcmd_32f5a70831a3a751fdec774e8c3d6b0047e57862_1424245099000:0.3784944281863777
gov_nasa_gsfc_gcmd_5ec220be1b901e9fe3ee30174658e0dd4ab5b418_1424516622000:0.33465460147696413
gov_nasa_gsfc_gcmd_29bda3845a0dc905dc637b5a045444c08dc56deb_1424247990000:0.3277977183802053
gov_nasa_gsfc_gcmd_32f5a70831a3a751fdec774e8c3d6b0047e57862_1424519771000:0.3145795670772423
gov_nasa_gsfc_gcmd_9771b026ee5cf0fc44fd4bd8a54ee3526fd3a534_1424541020000:0.3144238497967361
gov_nasa_gsfc_gcmd_ab7c0b73cb4551532a005196755ff82af912e4ea_1424519528000:0.31290710387498716
gov_nasa_gsfc_gcmd_98f4a40edfaa2e129a433bc01b4339e927b03b8f_1424520551000:0.30049033449987433
gov_nasa_gsfc_gcmd_23952def433f726c04bac973d958d55d39ba8f62_1424520051000:0.28345403595753055
gov_nasa_gsfc_gcmd_8e625040fd2ebf48aef454111b81bd06012213be_1424364758000:0.22500963425107762
gov_nasa_gsfc_gcmd_93510bfaa4a33be6c83ae4f97d8f14be4e99e25e_1424249862000:0.204672682480793
gov_nasa_gsfc_gcmd_0afdedd956d89bad3910a8a320407e4bbc1cbcd7_1424248767000:0.18151504484625147
gov_nasa_gsfc_gcmd_44b2fe77dd1f3a9c64d06c89fdbe45ee0b5fa114_1424520128000:0.1209245016743126
gov_nasa_gcmd_efc8f46a92d387471d364acba10886de38b5e9b8_1424297014000:0.10659145092947757
gov_nasa_gsfc_gcmd_9973962ed0652735f909c79fa57b844bcea0cc26_1424521133000:0.10306326562560199
gov_nasa_gsfc_gcmd_6b82434c0a5d5e29584b26851f6d60cc30a0f97c_1424521009000:0.10279792615916106
gov_noaa_ncdc_www_513ca2e57a91ec899d69a4f775f72bc9436a29c2_1424158642000:0.09597234027701598
gov_nasa_gsfc_gcmd_b99373c57156cf9a3acc435c3ba7b641bb5657a4_1424521758000:0.09356454106480654
gov_nasa_gsfc_gcmd_c249e359f0c50feccde96ceefb4d98c2d4cb1978_1424251579000:0.08221819809077109
