org_realclimate_www_a65b3e19fd5191db45c013071ba32a05e177e8f0_1424628253000:1.0
gov_nasa_gsfc_gcmd_9d7c347631212afbde2ab6b3938a4cb0e9fc94d5_1424252273000:0.7282830573023179
org_nsidc_e1e9e4ebe8ef58defb78587614f8be85dae46132_1424234872000:0.6825042464651097
org_nsidc_1465c9b6685df8b7de8e93687320acfde35a6c67_1424231537000:0.46973505564086804
gov_nasa_gsfc_gcmd_75a067f8ba29ab7acf6ed9e69f6555e2a5e8b9e8_1424518868000:0.45854311630127387
gov_nasa_gsfc_gcmd_7e1fd6479d8692f85d3d0462920717c04c94cddf_1424249354000:0.450998453845309
gov_nasa_gsfc_gcmd_9f05edbd0345213b3952e9aebf0ec770313d3efc_1424250942000:0.3909699989276598
gov_nasa_gsfc_gcmd_f78697df6fb28e0e9b14fad330d9d8f2bc2169b5_1424545452000:0.36460276738466546
gov_noaa_arctic_www_3447bd91d510a404dd2576e3df728cfb5c6e6a00_1424160522000:0.3311697303238396
org_nsidc_ae6007fa676dd40680b6ea3413d9544e09cf15ea_1424233684000:0.31171113208406087
org_nsidc_65247975d3abb845b0ea002e270b85df6d3d4e6e_1424141175000:0.2028286929213928
org_nsidc_847f5c02a8a719e3bb5016ac663045c37fb5395e_1424141310000:0.1641257026816165
edu_ucla_newsroom_5d4d5167addde8ec34bb6011c0b71bb6f2df3268_1424624271000:0.15060205579565863
org_nsidc_87fb92f3cd96d578800ea8a602064ec7ff6956bc_1424233221000:0.13354193796586722
gov_nasa_earthobservatory_6a45737f67a7adf9a5db4b1091e98e7e62a1e076_1424299280000:0.12105104784565464
gov_noaa_coast_2d3b3c3312210007b3eabeb456a0633faa262cc0_1424158015000:0.10102952765282389
org_nsidc_27513b961b0cf22dd8185ad8505426ebcee5449a_1424233368000:0.08720437703685023
gov_nasa_earthobservatory_10ae24443dcdaa1b3da52224b62e24e16025bbf4_1424244821000:0.07620319484300363
edu_colorado_sealevel_fe3d0858e07adced4ce8a55461d23e602540b06a_1424631569000:0.07545569818307345
org_nsidc_af9a275519cf157395324ada38fac0bfc75785d5_1424233320000:0.06620024343208068
gov_nasa_earthobservatory_f712295b3dd795924fa65f1865a6e053fe821350_1424267177000:0.06453214267208168
org_nsidc_095f8f27266936038d062a3885ceceb89b158723_1424236796000:0.043714841966025354
gov_nasa_gsfc_gcmd_73252b677783754b385446f6420ef0e3504c1080_1424252223000:0.043282366470633285
gov_nasa_jpl_www_6a2b9c7eeb784998c0235b956f21888f3c8e4964_1424326269000:0.03963519707122028
org_nsidc_6c240bd0a38b557e882417f9f84e68036b2ed878_1424233526000:0.03564282257771701
com_nationalgeographic_ngm_29d5e4c31d437a503a74184327984efa288c1c7b_1424621086000:0.028552589884338515
gov_noaa_stateofthecoast_cd26dedcdf6efbc250e756b318d81fdafa27c619_1424157555000:0.02629937432877204
org_nsidc_8c71250031f8833dc26da6c1d168f61b43ccb070_1424233270000:0.015850945644340305
gov_nasa_climate_9bd462b0d4bfd16564ce94f86feb04d24384c2cc_1424221232000:0.007374317737730998
gov_nasa_gsfc_gcmd_29b3338e5a6f4ff46ba680e1fd92d72c44fd92d2_1424252499000:0.005441524395079909
