org_nsidc_5f03c1dd12388542f72ec379406e41b0b2b331c2_1424237333000:0.9361015185051356
gov_noaa_arctic_www_b8941c30f4a37d62e55d5e45322beb663bdc162b_1424143839000:0.7964755900805462
org_nsidc_7869e1e1a9c84bef428b356737819e88ea1b2a2e_1424234520000:0.7751598512825265
gov_nasa_gsfc_svs_c42076fe6f2173cc45b44bb1b10c919162026d3c_1424232165000:0.7313222392453194
org_nsidc_fa795e5c6f0d99112c2c1b84033d1a4efbed41ef_1424141985000:0.654373019605709
org_nsidc_f4a6ee863852849cf417b3a408cd1697384d9f92_1424239395000:0.614006408404781
gov_noaa_arctic_www_373cc6ee6a21c902f71984caaeb47b8f84adc911_1424153874000:0.5637412878698328
org_nsidc_82a1e65c43568b4be4d184daa94e591709f5c95d_1424242347000:0.5557547234365278
org_nsidc_26bacb188a9b928f3d58940d2db8494aedf63dd4_1424234409000:0.49746939385049366
org_aoncadis_www_7faa25fe037ce7954422499fa25f6324b9e8096b_1424392097000:0.4786161531167376
org_nsidc_e36274908f5a96f03d6868020d4d5c345ff4bf43_1424234325000:0.4013680538049472
org_nsidc_d753ad050e4ba7d5ae0bd40e49dc52828ad89554_1424244637000:0.38064976677560153
gov_nasa_climate_bdcd9923d8fc34272349f0b561a97f627e069b73_1424221271000:0.34230696297263813
org_nsidc_68b30f606862b73c168f7613d25a7fe23467c67f_1424233802000:0.3139332414782473
gov_noaa_arctic_www_ba0be07ef824079afed9d76f1478c8ce9d35a024_1424628047000:0.3063776988519999
gov_noaa_arctic_www_60ebbde35a5fba36e8213255b97ef9db0a7cb226_1424151407000:0.3059637472097275
org_nsidc_f80b6c251ae904caa74b1cc25a4242da85e00c22_1424237686000:0.29520811755681364
org_nsidc_d671e24f3cecff450d6eee14f9fcd698e4b7c773_1424244986000:0.2832002865031261
org_nsidc_2ac0681b05f36eb1928527367e1d367441e375f7_1424233741000:0.2554890027489293
org_nsidc_5e905065242f3ea68abc4efe1a14e55bc39f1ffc_1424237131000:0.2549660224665554
org_aoncadis_www_7faa25fe037ce7954422499fa25f6324b9e8096b_1424558668000:0.219735993331906
org_aoncadis_www_7faa25fe037ce7954422499fa25f6324b9e8096b_1424608225000:0.2196542243019276
org_nsidc_7b706a0d412dfe10364c54521daa83543aee5cfe_1424234586000:0.1491395507703379
org_nsidc_12da2b8a04a58d70b11a3ab7ed739a9da68f537e_1424240051000:0.1339024399323256
gov_noaa_arctic_www_f1a6bded18d7ba5c71361ec2f90af6388b988174_1424142073000:0.13326752114329635
org_nsidc_bd3644ab42a948d132af66987938cd2881f010a9_1424234736000:0.10210193866617327
org_nsidc_ce24abe5a6dd98d6bc9dabfb6518b2abd1776022_1424233824000:0.09175628592595295
org_nsidc_3ac22a27462639adeea1eda74a50aee6a9500e1f_1424234496000:0.0684042228492082
org_nsidc_cabce5fbefa2f43519afed6b7355c0f851f6b9a7_1424240043000:0.05857936103774267
org_nsidc_2af9c9a4b099e5a4e327a61c34600661c0f783e4_1424237828000:0.05622610846737116
