gov_nasa_earthobservatory_6fa22eb4708c8b2895bead11100e350ef995570b_1424268692000:1.0
gov_nasa_earthobservatory_7b13787ce8aeb3d0edc13b9d2e3457f0e8be717f_1424283281000:0.5923061755658084
gov_nasa_earthobservatory_6bc4f03004590e46f39e51b145d1e05e3c25d885_1424305891000:0.559144269622413
org_nsidc_1320dc52c09b9e7ba22add17af8843a3dec9ad98_1424231383000:0.3804099182524775
gov_nasa_gsfc_gcmd_d6b1070205732be9411fb524b44d0ce5b0f7e335_1424521139000:0.3617927217976685
gov_nasa_gsfc_gcmd_f123e90e3d38c805a3d33ed2901f507b18825634_1424521416000:0.3091184677725621
gov_nasa_gsfc_gcmd_81e2812320d904028e5e09ca863c7636e0048623_1424316529000:0.30584584243409296
org_nsidc_574182e115ec9ecd2aefdeffe898e4080a409c81_1424239650000:0.3
gov_nasa_gsfc_gcmd_708988bdae4568843c6fb9af2202b21743d6a60d_1424519569000:0.2958878688038931
gov_nasa_gcmd_1f977528c072a06196e9facbf137f70b058dbd76_1424268174000:0.2811061866954482
gov_nasa_gsfc_gcmd_26634f2ad0a0db2e96dcad0f829e6fdd30505f26_1424521524000:0.25946674278506254
org_aoncadis_www_fcf68efe2717f0949081f6f1784e112284b7dd26_1424564869000:0.2217911558734243
org_nsidc_f058f64354ebdf39bbdca20d1b0f7023a485c032_1424237760000:0.2155167799224766
org_nsidc_199586ac593c179cf4f70afbf67b6fbdf0d8e0dc_1424238292000:0.19720770341205154
org_aoncadis_www_08ebe64073fa899c5aaaa592fbf8735f701ebd0b_1424403653000:0.19042668035231913
org_aoncadis_www_08ebe64073fa899c5aaaa592fbf8735f701ebd0b_1424403108000:0.19042668035231913
org_nsidc_305baf27679e189089cefe6241864407731dbf95_1424233150000:0.15945516725163103
org_aoncadis_www_dbbdc779ad9ca167592bcd61233ce0adcf2229b4_1424402514000:0.1590163702340759
org_aoncadis_www_dbbdc779ad9ca167592bcd61233ce0adcf2229b4_1424402221000:0.1590163702340759
org_nsidc_a94d0cca544df75ef15f5c30eac969ef458c0ff8_1424239279000:0.15852380981675632
org_nsidc_f18edc5454396b053a68b143f135058709437a03_1424233683000:0.15814918382027823
org_nsidc_947d90f7011d142ed434ba2f57f417b98333a310_1424233450000:0.15473787803397937
org_nsidc_e1913849082b9aeaf4016ba04a76dacfe6544794_1424239176000:0.13622326568308205
gov_nasa_gsfc_gcmd_5c5e090b0d3988d57a2ad35fe1008327df97c6ce_1424522179000:0.12401886461504147
gov_nasa_gsfc_gcmd_7069dc47a6b0aa65e0b81019a6c2bf8350df8778_1424250561000:0.11899945893183018
gov_nasa_gsfc_gcmd_f4d34d527c3204b84fc558252b463ebbe0e17dad_1424522316000:0.11371759286962126
gov_nasa_gsfc_gcmd_22971affc0b0c1a70d8369aeba77774d191ea141_1424521532000:0.10367660399391332
gov_nasa_earthobservatory_41dcf7027183f42b2a1da9b6425c7b3bcbf46404_1424296675000:0.09900738419733413
gov_nasa_earthobservatory_c597b1bcbe1bf2dc58544900ecaa390ebdfdfa1a_1424218138000:0.09712918355191734
gov_nasa_gsfc_gcmd_298d5ad86d53c9a55b26c260fd30a224dfb5d650_1424521254000:0.08694892760602223
