ebola-cee496eb726ed97e2b33cf94ac0459fb0d90dcf73258f87b2b9a05d6a84b3461:0.6336354676616571
ebola-b804d7d02abbbb0e1a990022f25d72cbd1156dd6d039a663510abd6b5be2b623:0.6247789762411861
ebola-2c09d2231de4bd84094535748808912c020b9362b505c509ded4ab4757db5646:0.5084341741591494
ebola-5c74e625ca8760b10c4dda73932b3b459a4125746c1ca736adb11f1f65b1bf1a:0.46963377983328075
ebola-dade29b812414c8897e5a1c22c18a741f57e1490ccebfd811a764f6dbc50edd5:0.46371639588855573
ebola-fa324d1c170a2d09d89f272b011f9079848357e1986a8d50e846b9eda5f55ce9:0.45823899368860743
ebola-32840139cbb43ba3d11a7296b6e5dff6fabd9683c45851c405eaec06612d0ad8:0.4272819655144661
ebola-b822890dc702899962190c04203ff6ada29d9af9d34ae80a001202c3fc1d268f:0.41723932137884406
ebola-01c1f4c29770b7004400c0f4b8389aa2dc56c0cf8580c23191ae3841ba594904:0.4009441980321595
ebola-9cd1f45f8832b1e99a2857fe796c8aa969be4c41946a8fb1b3e80b3867283f80:0.2772636745122867
ebola-004801efd44f0b688575699f8543f0e6a6611f45ec737754346925307f116c48:0.23238191104572153
ebola-a2152d21f235333073f1886ca27d32ae9db8ff4b6f13d6e703cc28bbc70b34c4:0.21905280019348283
ebola-085dc2948c33d8d0d7e8fa55be2ff48a482acf28ec1e89825afcc0620eacbfee:0.20615662071627078
ebola-e8297ea0ac1c6ea1f3f7cdb0fda3a74572eb26898872d2d0cfa79a7359908f89:0.1757671992678268
ebola-b7564506cc7703100741eed8ca17203cd6975de88763a2b4286ed035f96db17b:0.1740561075353267
ebola-440dfdc008dfa025e8e3dd7fe5d61c0d3338c31c1e6fa856f561c0aba794f8e6:0.17285765072988396
ebola-b2325f0679d50b9664b3a3a0637eeb0236ed89b6e31eb33c14a3545011191325:0.1479497288417311
ebola-9bf9863d5ac625fde4914cd748a4cc9f3403c64d40076b6294791a3d0d9dab54:0.1397221465516083
ebola-71d32caaaeb57b008d89c014ec8529271c5bea9dd4fa8dce69f770482d28c7b7:0.10842176269702405
ebola-3c2ced7c1468cad604ebed7a985d06d1b229e35aa69391f510d5d8b643afa565:0.0843090855568832
ebola-ad7b2dccd85b4f421a572cafed68239bec2b4336b598fba6736f9a1db0eaded5:0.08113050122289418
ebola-c54368ae8dc38010b5f45f98a7d668cbc7d57fb43387ab12f2aa17b3422a4f8b:0.07773794826020947
ebola-d15f3cbab371edbebd7fe4eb6efa0dac1318fceb5efcd1bebdfd186137074a5a:0.07767903141356257
ebola-d72d4ac877f1314438b56d3a09a9036bbaa2120c61e1992f4c36126d6d8574c9:0.0690091160010414
ebola-b9acc4ee272125ef8f3a98230342b3603b4218536c36d66d7d8899faa711ee6c:0.051083076238116365
ebola-1cece753afc6d150de162e453de56c6d311dc8ca9ced22959938e8cdf82a2cd0:0.032798878849351655
ebola-5c6d8b5a9f9de38cd253ab4522432edad87d98c5d4e5b0d1ddc28710c2eae77d:0.012616932507688233
ebola-520b1394dc9e977a250f71d5a41d8e7e5721d89b0ab92736fdbf382c52e1ecc9:0.006925515920119028
ebola-2527ac331fd560c23cffa1d6b792e7e37718f2ef1b74071151f5d2d7c2cb2de6:0.0
ebola-1f53bd76025ac45c21015e31e4c84354b4bd56036839bab07de9b11bf31af677:-0.7787364642176802
