ebola-57652b3f3c2f2bebb48973ad983c3e802ff5640ade09fc8bac66c60641ff3eac:1.0
ebola-d5fc3718b699a2951c8df349acdbe1fcbe79f8cf9fd3ffcd2a4b72a9b365d4aa:0.500082114792572
ebola-c5be079c8f3ea9bdacf47dc718986a24716aa63e34df5cf5e664252c5b244656:0.44131885956905204
ebola-3180fc79511a2d749da7e7d6ff5fd7728072156f0ebd4e4125c358b0809948d4:0.4178204760999786
ebola-fe550e55e3d52208c8328bcca256607152c7eaa6b48b90562fe17fdc55b1fc86:0.3992297186508653
ebola-6614fc1656b3a5d007af7d897b3f17ec24f2eb4e93bc2cf4fd6c0e9812bef9c4:0.3883249995369535
ebola-fdb42b9a30ee2d236722ba079183f25940900f99b736e92767faa179bc610ef7:0.38496006311639136
ebola-96489e02a25c627ed77886396401b0f0b73db6a6b490626f85d2ff43c1c34fbb:0.3740574010989343
ebola-b07d0962f222c29b517679717a03de0f42dfe39a121bf259f27299dd1f0b4ac5:0.3660846481715924
ebola-00c1a7f842108fef7713b1d1c1eb7fcfec98a8bb8bc178170b2960dbd6c6dcef:0.365192484073341
ebola-1ebfb39726347a3250631af42ab115076202fabca5f48705b9e14b82ace41b38:0.356590939354258
ebola-25bf3e34af6a907a48239563359fc6d0122e3345eb3a3f7bfb2dd5001c4a360f:0.33568371733596286
ebola-1c61473ec1b183aba5d794faac0b19dc420f9fe899dcb1b3d06f54e389e7433f:0.32181054600543385
ebola-e18217903e52867cc53ad24fcac68096b863e0103f37e4f2c182ad1a09d73e4e:0.2976500474849608
ebola-8fa262034b8ebe7e9f29a05987c725db0ab231f6e18d8332057dc5d43623d99c:0.2732056740331251
ebola-bdc8e5e8a72aead87dda1bb370bd5f919bd74d9c9f4308cf89608f2d9e2a4941:0.20816679867346205
ebola-a4ccf5deab6f9972eb31bab236b226057dff78d16a48dafd755cf89adcac9471:0.1754142155308926
ebola-9c1df3b1adb77b441ce6ca0ca4b4d7a29e7228197eacfb360eb105beab641d0d:0.17160015287292263
ebola-224c6e69992c6c8b72ee911ee1c649497d996fb342950190003476af07604555:0.1541954905333591
ebola-23f2e5ae5ffbc66d7c17873764299588616204254895908c165b1e7a507fa3ab:0.15385358735477864
ebola-035c9490ea01e0454a958166eab858983f2b0b698f54633b0f845f09d9434822:0.14177505569113935
ebola-50971aa057964765923189250104fbdbe5190c90a612df62049d7e5cd2dcbfd1:0.14048705968079825
ebola-8effe1c2e744d945ea6bb003305bfbd18e9129cf1cfa8451f6274e930a21851e:0.13858725999529617
ebola-85a18c626ac257be536086771cfe24c07eaad262e0f6d819050100623c894a0c:0.1292030485774602
ebola-8fae762a988b4629f3904ec7c3a92100b03bf8446deea8a8fd17dc9b320756c1:0.09496156283857793
ebola-40617cce1ba807a0a8e7c44194d037ea18d1bb52c9a859773c7b51aaf14a3bad:0.09456226205651175
ebola-5dbb5c37016909ce20faee8c883f26627a51048640db629db26103b504f384ec:0.06680413743603691
ebola-f36280dc9597fb8368b2b42939be90edb4a6e4484ab4b86217715150e1c32670:0.06559201061851107
ebola-d750d8f19f851c72266bc4f3f0b654ef5ca5925a63be460ed83a61f60f6b47ab:0.04714040168122812
ebola-3f635d2198f50fd09f813d251a4cb49268d04d784b75e415755badca10dbb5ea:0.03768125934846145
