ebola-9df93a58ba8b1ca823a0d1d1ed609ef0623e8e8b73e3bc34db895142a9c6b052:0.9231367775244803
ebola-a7e9affa85f6e27006e7a63e4e1e0cf9174fc8bab5cb6c249a163a55e4300f3e:0.8518718278324411
ebola-164e52b36707f26c56062ebc6ba709a17fbff39e740cc7f6be2ecc53e563a52b:0.8280082573132133
ebola-bb434ac3a364cdb6d5f3e686c4aaf6d7e42866d42fd03d241c121490f438f802:0.7381972005885331
ebola-5b0f0eda33414a9854e4923fcf01a00658d3f07c5c4cec07da7894dd38eb9238:0.7285254004190309
ebola-9a89d01a29bae97ee8da5db793b06e2dc8fc64d9411dc1f5b9c368f470288963:0.7180263167643586
ebola-37dd3bf536f0da9d62d3691651bc749fea39406be2768908034de77bf6bf5687:0.7077076789578219
ebola-cd36693b00dafbd4dba51a481523c6daaafe88dd7363431b2e1d99457a06f73c:0.6086611636871601
ebola-605c25ee874cb2a7d2ceadf444fcd10e5fd5bc7dc4474bf036e69cc8dc8a1978:0.6040366517386164
ebola-fcfeb8432280685ca6fae23ec55aac0a6864dd47573052ccf9b32a84a62a5356:0.5921183983382323
ebola-1c296cdc679a2804bf817e5766502aa3f3796cfdb342e9e154482b40affb6461:0.5167169140770094
ebola-03fb8e6f3542051dbe4ecb56d3098550f3fd3a0516ffba23fac17225a58a3f86:0.49882031011394073
ebola-3c9982889f1fd0af85a3befb926f4dee6a5268306ae90a694ae598c7791a6158:0.49144710750570053
ebola-5cad4ee533a89cc35d377deb03c81d5ead201dcb34746c52aea5ba6ff53317ab:0.4824830906353945
ebola-0f0d6c5f6541438157f7553fa300da52b8301623456adbf69e4d3dc38c0738f5:0.46484446862316053
ebola-35377e15470777924e3f7ed70ce78978b127450d05c24c434be82a05c565ef19:0.4266218725490733
ebola-09b40c017c31180e5acebbc44cf4f48802a0b6deb10785d6ac0fd56a9e78c23e:0.36784724367135213
ebola-35d8d46426301775e713d5d209c787bbdddc25dfd61cf618b9a9e88b3c3274c5:0.36493892632513436
ebola-cf2b438fde94006b6773c1f9e9f41edf841d3a768dafe4a4d17f6d6cbcd26970:0.36317414306442186
ebola-b5670a38ced6569f6f2372c14386a857133df47ab4515545da7321f2759ddf37:0.20235657094038167
ebola-e15193dd37d2899874ac0a805fe6a0086b7b4f3b721d33affc34f5ee64d56eeb:0.17063321828795852
ebola-f14ca0b259a5faf0d136f599053e372f65f41eeae1acda7ca92ef37c54d4cb42:0.14579973878504213
ebola-003b3996fa222209e21253ab39d4cdae44799d80f703aa07fbe27a882306ed33:0.1184812374333426
ebola-ea23401a2604b46562d11bdcd5eae7cf706e79af1d86b437fc5369a2c7567129:0.11386815385494531
ebola-3ecf11f2d41a5d64c9db5a5850ef1d5d41b6b3bde723c20ad28730422b943a11:0.10581736867101148
ebola-250dbdb1b97ed54afca3da3530ceac2518f39c0e4b48bfb0bb0532a2dab68aad:0.10042332444210064
ebola-2c928caa0db8f404571dde63c19435b7e7397cbb618074744dc2049b49995f92:0.09404243795222268
ebola-6a0f2c79907638e3b51cf805f113398ad175dacdb28e54b9726af8bc20475d83:0.046684135327236365
ebola-e911dbac473d731c7348cc1d882e765f328ab28e16f74378cd04e97925beca1a:0.02746638487140463
ebola-3735e7dc298497f01eabf261f71c22caf40e3e13107a1ae031732059c4ed40ae:0.02139990170287739
