gov_noaa_coast_2d3b3c3312210007b3eabeb456a0633faa262cc0_1424158015000:0.8833602922845107
org_realclimate_www_a65b3e19fd5191db45c013071ba32a05e177e8f0_1424628253000:0.5153299007949381
gov_noaa_coast_5b72c125a56196fb369902a387ad5221be12d92e_1424156097000:0.41364599559515497
gov_sciencebase_www_3be112975c4e5334fb64b723464b8a708d4782f5_1424612072000:0.4055687006447049
gov_sciencebase_www_4d8aa8c3eab011d58cd48d1796df07b3e317f32b_1424612614000:0.3826577519876383
gov_noaa_coastalscience_1636258032d75d7e24daf2e99e26cbce3319110f_1424157428000:0.23757224603073704
gov_noaa_cpo_d9c6331249493a4c9e52c23ee5b05468bcc49c2d_1424141860000:0.21445382921446277
gov_noaa_seagrant_3cab6e23d1c95d9acfbc223e611af0d44d92fddb_1424143910000:0.15476199505075403
org_wcrp-climate_www_5ec251b4ce4931c8cb73ab23e9e896eda4bf780b_1424625339000:0.15416496502401322
gov_nasa_gsfc_gcmd_5662c270017ea0d3731aaad06d34723444f231ab_1424247152000:0.13417291843968138
gov_noaa_stateofthecoast_cd26dedcdf6efbc250e756b318d81fdafa27c619_1424157555000:0.12898574264148668
edu_colorado_sealevel_fe3d0858e07adced4ce8a55461d23e602540b06a_1424631569000:0.12388247248525709
gov_noaa_coastalmanagement_8b3f41c9cc4e3cf73b3a2a8cdbb1929cfebc5bdd_1424157197000:0.10114433897550636
gov_noaa_coastalscience_df5d52d6096bb8ebecb39d419f8b2b42084500f9_1424157632000:0.09995401929959205
gov_sciencebase_www_9c3f709aefeb2e4758d2deb6604e57bd031ae482_1424612823000:0.09780301636631736
gov_noaa_oceantoday_bf68480246e339609127f9167833e19026195088_1424161814000:0.07223080288391631
gov_noaa_coastalscience_1ebf7bae66d7c041ae22a9436cc6425c3f230c11_1424156997000:0.06852640658300346
gov_noaa_coastalscience_00d9e9c2aab2522da4f27fe788c967bc0c115824_1424194932000:0.05800219190542963
gov_sciencebase_www_9118eab379065586891a02bd2dc8d03f2c0a6e8c_1424613430000:0.056840654087196456
org_wcrp-climate_www_267da3397b216e75bfc9e017515ff75959b79171_1424614874000:0.05502086216325037
gov_nasa_gsfc_gcmd_5db19b110c7314ed1ea148fc128f48f1e611f09d_1424251983000:0.04836858657159859
gov_noaa_celebrating200years_bc9deacb87873fb0b977301f354badfe7ad52b1e_1424156511000:0.043662610063207166
gov_nasa_gsfc_gcmd_3416f4886b96fe6e5ec5f49ece3d3cd5e238fd90_1424364687000:0.04201363055278777
gov_noaa_coastalscience_0fb4d6b8643a2d1d36bc237094e842cb35cf64ed_1424156764000:0.040005049357303986
gov_nasa_gsfc_gcmd_d1f3d1a46aeef22a0de9424f1169f526ddd7dbf3_1424252483000:0.03505195661695101
gov_sciencebase_www_e56594ed938cf4107313d27c23b8d4d3ef174815_1424613232000:0.029753193804228042
gov_nasa_earthobservatory_37288f8ed7b1a68d52166bff7412a557f2955bc2_1424224781000:0.029209508653072726
gov_sciencebase_www_0d411c64f752d0dd116902e04682463b296974e0_1424612537000:0.029057376800977287
gov_nasa_gsfc_gcmd_c865500995064fceeb7fefe64682a1244edb3390_1424247490000:0.029032774719442545
gov_nasa_gsfc_gcmd_a95b7398f22e1f38e67393521e024cd1a43ea08b_1424364265000:0.029032774719442545
