gov_nasa_gsfc_gcmd_e86211db0c977e7e7825c7b2cabdc800884e16f2_1424520879000:1.0
org_aoncadis_www_7faa25fe037ce7954422499fa25f6324b9e8096b_1424608225000:0.8838440303385051
org_aoncadis_www_7faa25fe037ce7954422499fa25f6324b9e8096b_1424558668000:0.8817119237867095
gov_nasa_gsfc_gcmd_37ec25dba17ee222a55d5d2ec1a4d7b50a99b982_1424369913000:0.7716490063552328
gov_nasa_gsfc_gcmd_bc922d24087fd1aeaaaa9cbeee0d6e2f7cd2b8af_1424366967000:0.7688757337737412
gov_nasa_gsfc_gcmd_6032fea0ca9e3da20cf5e42231e5e9b9647033ad_1424545825000:0.6596087584137134
org_aoncadis_www_7faa25fe037ce7954422499fa25f6324b9e8096b_1424392097000:0.6586002015893786
gov_ornl_esd_cdiac_377e53e3d7eb718c7d81268bef043eb327e89355_1424622031000:0.6342392708179027
gov_nasa_gsfc_gcmd_7498c02b9e44641999db1338455a0022af6fe34b_1424544395000:0.6197663344058817
gov_nasa_gsfc_gcmd_e94334d1b5e021b3595ea3d4db5f6caa78d20db9_1424522367000:0.6094888405554185
gov_nasa_gsfc_gcmd_263a82e33c90305c720c9f8f1ed99d896d192207_1424522376000:0.5804800174236537
gov_nasa_gsfc_gcmd_2847dc0f10fbfc77b30ff6542271e5e48f56e1b4_1424540622000:0.5185636587153648
gov_nasa_gsfc_gcmd_17ad9cfeb8c79bbf69d3d973ddcc7cf446ae42d8_1424517755000:0.44801986267516286
gov_nasa_gsfc_gcmd_296719922558764c2924e9f47e947ad903500631_1424519034000:0.43945202140027345
gov_nasa_gsfc_gcmd_091d81d4c73bf96a38e0ca9a2f94c8a878f76754_1424519730000:0.4334858890320075
gov_nasa_gsfc_gcmd_9973962ed0652735f909c79fa57b844bcea0cc26_1424521133000:0.42353130276957274
gov_nasa_gsfc_gcmd_6648b1bc5c240e4c0d15de7593f9c785b9792524_1424249863000:0.41945248049712247
gov_nasa_gsfc_gcmd_2fa0f3e76ad33fbd72716cd26333f4ebc4a5d496_1424252675000:0.4172212671909433
gov_nasa_gsfc_gcmd_3b1ba0534b25ec9622f5f34d2f974c223fb6340f_1424367548000:0.41150713123881927
gov_nasa_gsfc_gcmd_b99373c57156cf9a3acc435c3ba7b641bb5657a4_1424521758000:0.4040280925659149
gov_nasa_gsfc_gcmd_979ad5f83c06bc0297b345cd38ef9e9967d75641_1424521908000:0.39150815885225004
gov_nasa_gsfc_gcmd_cb9f54f18b740507592e3dcd2640bb5f4f5ac828_1424542878000:0.3873509617856761
gov_nasa_gsfc_gcmd_a73629e8a649715cb2ffbf3bce1576799d567749_1424520368000:0.3156124033853416
gov_nasa_gsfc_gcmd_941850221c87ec1d66463e3125fbc3fa1d856411_1424520927000:0.2913643311568283
gov_nasa_gsfc_gcmd_1f9ab79a3ce9ffe82eea0969e0bf5431103ce8da_1424249895000:0.2423059948738742
org_aoncadis_www_987c593ef0fcb20490cc5020bc676e12e01831c2_1424403935000:0.23530209386692633
gov_nasa_gsfc_gcmd_3cb1401086b8d7a6b9b9fdab0046782a5a1cb33e_1424252473000:0.19825382666352606
gov_nasa_gcmd_64205f7e2eebad689805cbcf624045a0c66339c6_1424309089000:0.18591123785009367
gov_nasa_gsfc_gcmd_e753f9821e014d68ddaa6ccd68f9b8ac46ef39f4_1424252049000:0.17321107340355926
gov_nasa_gsfc_gcmd_b906f85e99e30a2bab069334185c0ca125db56aa_1424250247000:0.17196217800910013
