org_nsidc_d753ad050e4ba7d5ae0bd40e49dc52828ad89554_1424244637000:0.9087456570792287
org_aoncadis_www_7faa25fe037ce7954422499fa25f6324b9e8096b_1424392097000:0.8286816275664945
gov_noaa_arctic_www_f1a6bded18d7ba5c71361ec2f90af6388b988174_1424142073000:0.7921484706414049
org_nsidc_26bacb188a9b928f3d58940d2db8494aedf63dd4_1424234409000:0.6319547873921616
gov_nasa_gsfc_svs_c42076fe6f2173cc45b44bb1b10c919162026d3c_1424232165000:0.5277838614899014
gov_noaa_arctic_www_ba0be07ef824079afed9d76f1478c8ce9d35a024_1424628047000:0.4861617362109115
gov_noaa_arctic_www_232175b11d3b1401be7db30c0279a8829b2fdeb8_1424157075000:0.4746729861081872
org_nsidc_9d910e983c1c469e4a43a446a533b06f26dd2f1f_1424239072000:0.4334501183538978
gov_noaa_arctic_www_6899b2b358afbd47b4639f0047d6981dee4af128_1424149759000:0.3864550418111331
gov_noaa_arctic_www_6e7a5bea249ed29aa4928b10b48d9b058bd00e80_1424141923000:0.3779075525779284
gov_noaa_arctic_www_cb1e1a680d931db87884012b3cf328a505c9c4ef_1424158827000:0.33981293526152095
org_nsidc_6d042b8d7d5e3d1b2768e2cc4b5d863c6cc51a77_1424244941000:0.3380795563581402
gov_noaa_arctic_www_29e68865f4350533cb56deb6f66e0b144f19d1cf_1424156712000:0.33530855356673334
org_nsidc_5f03c1dd12388542f72ec379406e41b0b2b331c2_1424237333000:0.33065610186405264
org_nsidc_4f34101b475e46a97c949108c06ed314a37f86fa_1424231524000:0.3196633727066368
gov_noaa_arctic_www_47376cef6bb8c6818201c5a2739fa7d4886f2b16_1424149991000:0.309011256779474
gov_noaa_arctic_www_19959d85fd40fb517b2d9d4a13636c9eaf9d92b8_1424160866000:0.28924146033678055
org_nsidc_3a5ab4ca99345664800a9b804fa09408c8a4179a_1424241420000:0.26037163629347954
gov_noaa_arctic_www_ad31bbfd06363107c249e0795b1f1d373bfbf50f_1424158335000:0.22130467754319477
org_nsidc_f80b6c251ae904caa74b1cc25a4242da85e00c22_1424237686000:0.2130922141396917
gov_noaa_arctic_www_801b61376197874c2c4e873218022ea30db49074_1424194196000:0.19947097693662744
org_nsidc_f4a6ee863852849cf417b3a408cd1697384d9f92_1424239395000:0.18472903629698
org_nsidc_7ac63aee9c8352a22364d66bc3bb6dbe3dfe4b54_1424237697000:0.1847281414065895
org_nsidc_5e905065242f3ea68abc4efe1a14e55bc39f1ffc_1424237131000:0.13875456177125453
org_nsidc_2ac0681b05f36eb1928527367e1d367441e375f7_1424233741000:0.13854939393934734
org_nsidc_7869e1e1a9c84bef428b356737819e88ea1b2a2e_1424234520000:0.12131579676715315
org_nsidc_ce24abe5a6dd98d6bc9dabfb6518b2abd1776022_1424233824000:0.1155954328239976
org_aoncadis_www_7faa25fe037ce7954422499fa25f6324b9e8096b_1424558668000:0.11220732221234328
org_aoncadis_www_7faa25fe037ce7954422499fa25f6324b9e8096b_1424608225000:0.11184871467625594
gov_noaa_arctic_www_60ebbde35a5fba36e8213255b97ef9db0a7cb226_1424151407000:0.07925559349783774
