ebola-f9299cda6db2203ce2f9476ea9b26a6b9cce371828efbd763fa83eb7e6e150db:1.0
ebola-6aad85f9fac9b94b639b774d81664ae861480f50657c7f3da739a419c6e2b37b:0.8663975651193854
ebola-49e38b469f16a2af567d234fb7e04de1f71e91a646e079c02f73f4783ecba0ba:0.8386101801159433
ebola-a56c6f151c3bfeb7b43f508d924244f6c3c7a05460d517721d9c1744375fcdd1:0.5921657024148937
ebola-ea48d95a92957b7042affb669fbdad4f69f0ac53cc27f20fba7e560da3f1ebc7:0.46673793983174705
ebola-27e9b9967565bbaab95f071e7d14267d03ff5b768eecc9252ea07960b0fff579:0.4350595760442163
ebola-306347d0daf3791561ecbc809ee333c4f1b306d33168d0cc957ac122c8cbbee2:0.42428841134920986
ebola-16247a95a0a2fcfeb248bafa15826c0fefa77685092d6db7e681e1ddb88ebdb2:0.35515830450586117
ebola-77091a96d4ac625edee1199df78033413a49694b956dcb5f8948b6c6feeb496a:0.338574817526678
ebola-b5ecbc0fb9e3bc5d5ad60a320a92977f98bb4bdc57e83814c3e9c8fc66d228b0:0.3
ebola-9fa41164932d33bba602b46eb299b2f0132e68efd96acd0fbbf55b589f2a6963:0.3
ebola-b4b478249c3e7050ead325e488517a10d3b24af700329ec90b0a876aeae2d63e:0.269261720777052
ebola-0e05aaefaa744acab64abd6e1a9f7f04857199f4afee4075f62a3843f80ff70e:0.24685049196738648
ebola-c5edfde546768a9330228bcde0171a46a7a67cf654a547adc9b1b30590294e41:0.2467806056652419
ebola-c9fc0a20a440dae2cd1d9f739d755c317c805ae569c162b6c8593dedcc389b86:0.22980550995483215
ebola-66b29df52280e4f9fb683300cfabc8bf101d0c2cb3447fdff184e5d2e1c3b5e9:0.22909697059806844
ebola-781e6e8c82ad1e5e2f8f346f69e8e9701defc7509e057983a84c524bd24d3899:0.20973769443740015
ebola-d65cd5ce5fc1fa9af890f6564b24f6003a3263b610a77cd231a640b6409b59dd:0.19829912421065807
ebola-b7744d92edd34f06b9b8945d37263aed4dc68bc4e73afc70d0d7b319c3bfb4ef:0.19245274392435635
ebola-e6f1116e939b49f1e484d2e863c4967652a7fb52dafa6319371b5c46b04fa9ee:0.18363367240707384
ebola-5ffc85fd69e69d19700e86d327e93169336fb1aa9854855a2c81e6be6fca18bf:0.14233451740602324
ebola-f2ceca1e829f1202d31674bd9439bdf069fff11ae7eacb2e15447c969f680db3:0.11353524757607768
ebola-ea43d97e245053cfc851104648daf68bbccab96d61b86e5d689257de9a4e6668:0.1125289193082764
ebola-22d639ebb2b968b07149bdc561572b9acd6a83762954b55a51a2a2566ff49c54:0.11180982980848718
ebola-07b05105695e564aba0746b56ce3e745bbe9bd3d6644ea799d69a815a044d09d:0.09324273199925827
ebola-27ee757ff8210f1747b4b6f25e3b7fd4b3ee6c81c96c4c4445f92ec727e07d8c:0.09313505664263512
ebola-8c2a5396fe2e5f67bdc9a4d074ec7d539f1621b07f91f7622a966f7d30c69043:0.08540055007311644
ebola-f09497a6a089ddc1b8965d992d67122ac947a51ef24d1a83ab90cf2d5880012f:0.08374417056546496
ebola-c2e3799889f9227123d7ee568ec200f1ca78ea5520858704687dea484ec1d113:0.07506365748908868
ebola-e912f5e7a8d7577532661034d4b4497b2333b71b7209d7d0cfe3026dc38532bc:0.06122831141376184
