gov_noaa_arctic_www_d6c36d3485d3cfad7b7d5abf85ebea6aacca1fb8_1424141920000:0.9784220798537038
gov_noaa_ncdc_www_267f4eea015ea88b73140a6400b2755c332894cf_1424157191000:0.8012846334409015
org_nsidc_22109238665328093d8cb07b2561f81a2bc68092_1424245084000:0.8004445829372856
gov_nasa_gsfc_neptune_cdef408cd03f6ea137b4087287ed7526fd449a72_1424230463000:0.6655673502421643
gov_noaa_arctic_www_75557a06f5e67f649c55c55cc63d108d37bff2a9_1424141958000:0.5824345263753751
org_nsidc_ea0c37d6bbf3597e388abffcdcc8d0dcda36ede5_1424237362000:0.5743400547653666
org_nsidc_6bb7b6fa52a40a456c07acad2d38aca797cf99fe_1424233284000:0.5743400547653666
org_nsidc_f14d0f7d00930c08a7073413fd4b436f38dd27b5_1424242976000:0.5548505341744923
org_nsidc_5e298aabf8276719e30f1de32bbcc84d924bc2b4_1424234579000:0.5531387313824943
org_nsidc_760e118cfd9f71327d94bfd6389ba8c5b6f05813_1424245077000:0.5519387105499367
org_nsidc_5a65968f160bb0c9a15e7eb1bddf6ac718abe163_1424242224000:0.5451129067690641
org_nsidc_f982c8e3c99d683d61df00b3479e08a476c6ad36_1424241939000:0.5204539963916759
org_nsidc_41d270479135def583f45b7886c816974c977c7e_1424245363000:0.5087481744000496
org_nsidc_5aadaab3cf96fe29cdbadf54ee41474983d5bc3e_1424244527000:0.46599246548449536
org_nsidc_32bfdf56e76e50e4570d89e2a87028212a2294e4_1424233313000:0.3834056804387297
org_nsidc_8b3caeeac302e42dcde2a4b0e29ba0e3da9fbcd4_1424244474000:0.3366150797062056
gov_noaa_education_www_77630b773973987d6b55fc85f1359b0656a4351c_1424159153000:0.3
gov_sciencebase_www_31da927179e14b9fa96fc0389c6c352f70371b71_1424613379000:0.3
gov_nasa_gsfc_gcmd_1f9ab79a3ce9ffe82eea0969e0bf5431103ce8da_1424249895000:0.3
gov_nasa_gsfc_gcmd_d20a160d46524a0b61ce28761144ffcdc132292e_1424251867000:0.3
org_damocles-eu_www_42f4b54290f3df0139ef46cc372c6628de37b18a_1424618498000:0.251699869253611
org_nsidc_c20ec5c5bb580ce9fd914138a419c1f9b2be0630_1424239471000:0.25165328813584387
gov_noaa_nnvl_www_923f661fe4a05817c4b1c89d46342a3dc264bcec_1424158214000:0.2394943299608521
gov_nasa_gsfc_gcmd_dd7989e646765a0374bc8fa6f256c5329e64584a_1424352132000:0.22553071691576854
gov_nasa_gsfc_gcmd_cb9f54f18b740507592e3dcd2640bb5f4f5ac828_1424542878000:0.21159640295954327
gov_nasa_gsfc_gcmd_c64afb2485f586324fd9549696107de122ad020f_1424255692000:0.20440245722120595
gov_nasa_gsfc_gcmd_69073b50efb6a77391e859f43dce8ee86959d3ee_1424255807000:0.20440245722120595
gov_nasa_gsfc_gcmd_d8bc7ad6df62c3a4960ed22b0047090288a7f671_1424362385000:0.19759587157074296
gov_nasa_gsfc_neptune_ead8d87e97b0f3cc12167174248e85336b47b56d_1424217687000:0.13901471594908896
gov_nasa_jpl_www_1051ecf56351ad6cdeb6ecb4d5c3d0da5648a3e1_1424268861000:0.13092680353114677
