ebola-e9b0ac1742ef141df291ddeb5d50cfb41ea46b0092bf5b08d943206d0555e19d:0.9711336451010744
ebola-c2d4d9800e0b4d9369b6f069ea6702b452c5f554488ddc179064ddad5c1f2b4d:0.8982524755770214
ebola-71af7259586f3ad1bd7d683fc2550119fd6b8093f722e8044edae58274cbd87f:0.7609751573309321
ebola-42a9a4d28acd5406897c0086a533bcf59b6c8e85c22b0db96783d389a10723f1:0.6856002336933177
ebola-fc33e52334dfa706af73483a1a5d08c52590f2f515703c0043a195dd45e89839:0.5920749274178314
ebola-a06fd4fde250646ac0b3794c8180345286e710c2841d7d601aeb33d2daa78d8f:0.580033459557404
ebola-6954af4c2d4a1e17ca09150449921a475612b9f4fe6707fc75397e9f9f2d3322:0.5477662113088192
ebola-d138e2af89f6cb856669e7a8150de7e5f774ea9f2047c3a870289dcfe89afd9f:0.5460734477127844
ebola-b0af4aacf4cc9374c189bb2bbdc9249efa0cd191d448d2b5a9e2be1deff0ebb4:0.5415126936385474
ebola-519407fa8021b4a698d7e9500e1a0737e4f1500796d07e6fc0556be28fd6a2a4:0.529410690663698
ebola-6f1ff06229a985e31e3e588d58cf791c639c614825198d22ed8ef7705632fb5c:0.43473072989812445
ebola-6f784dd38d31781e3116d110ad246b1d49e7c467a505387652d74c27a675110e:0.40083860579855274
ebola-71a470d3daa57043fe367eaa27c86b253d59170157af28776993784eee020f52:0.39910928410991603
ebola-9665cbe1cde92856d2b150b9bd2475e8a2d4fa6151957f3376f1bddf8ad5006e:0.3796209277957786
ebola-226523aa63499f73fa4db105762213e90c9210d94434d0f7d9405ad01b3eab73:0.37294623254035136
ebola-f0f005d3531960743c19dd6e629b8908e22e406459024a5c5bf29d02adb8f7b1:0.336725664188564
ebola-4a36672ab8e76b5c5ffeb30ea94ed021c6ef21a5f6b05f8ca8a93b3c71ae6973:0.33296594390996076
ebola-bcfe8d2b9739e8920119111fc5c2c6caa207b9948b21fd8942665450acc95f15:0.3323714480124668
ebola-399b33218b74f0abc933cfd70fa2aa28004d42406ddf927f17ce5652a2f4fe74:0.3226286199405155
ebola-c8aa01b4c95f7b1f81be1051985bc0fba8f2795feb0859cd51552a80f60eb4c5:0.30471397503949976
ebola-42f13c92b0c232bf07bb2e6cb4cbf0a8e095dacdd1539bb9fb596c545f91786f:0.2711356174860946
ebola-bf8d6246c2815ca57063151397497f7d56bd029bb8c12a31ded9d406308d1bce:0.2557973558345621
ebola-72dc2bf7efbc3d2932c86254f513bac2e26babc1c82f0bfa698791c473b42b41:0.245166703326136
ebola-77d4266637e8f7f82c54dee043250320c26955285b7f9ab2a9d2e1e4c1f95d27:0.21172743699416235
ebola-97f9e4f258a10bbbff2f616dae1515821ff2f4fcc08879540655f567555a5595:0.1975808968790249
ebola-f3858c9e239e338decab2416ffe268e1928a3e56d7b4ebf1ae596bfb31a8f37c:0.19217159289253502
ebola-bae209b4a0642dc9c4cd669baf2fc17dfee979bf1f8de99ff095a0458ecb946c:0.18799856342280935
ebola-cd03b7807281972327366428ea4c6aab1345d778d18b212776dff4b9250ae7f1:0.15988492390712578
ebola-b9e5ac6d3d31afcb5f80f948dcf96a71e27e10aa5a163a1818c50135f32e1152:0.12614011248923024
ebola-620fd1d442117c16b6cbb3e6f16b02767ae07b6c38e9eca418ebcca91c39ce21:0.11863936873998054
