ebola-78e263002b2acb2f9f9df7b32d9f06438e6b8cb5338b5a1d885da8b29cc6f878:0.8828010677895872
ebola-817bec2a163c011e188b7acba483dad9d46b198b5a8e58e1001911df81b43cf8:0.5543618636616497
ebola-39e50818c434723484b61471fd23f2f6fa80f48967b8063ec8e018f56e7f734e:0.5470937757280112
ebola-d94b65695db57d5f3aadba37793b497581fb14d1023d5365612ac5ad1e690378:0.5080913442016156
ebola-99f3818e47852d8ca92ba97ca1d57c87b857b94a020410189e64db46cd2361f3:0.4739012928890844
ebola-9022084344726257f9bbdb342449a298757bf423aba33390a8dcff051b30a4a3:0.45514668410692016
ebola-eb44f5e3e00902aa18a0817e1e10d538ff9cb39bbaf80df21ee4fdcc348bab06:0.4260139071898833
ebola-90cb5a15eb3c0499d2ce07c31a761c10a2c2626b9e7ae6889563ee68172a3758:0.37902543588103466
ebola-3a26486e7ada115b87100f3035baed138d93cf974023d805a69b89c978f2e938:0.3441173811239029
ebola-760fd73b7f856f481b41e11d37ad110ddb56926d14f30b24b22180964689ba9f:0.3363116669342808
ebola-d7806bdc4174fdedf476ff35a086f12ec3bfaef2d9d4a3cc84de665145d14922:0.33246411721837954
ebola-51bf858ec7281c7d372ca764afe64bb4cfd47d78cea1d48dfee74f8307a61556:0.3211594053808534
ebola-ca5ee8dd59f9c4ae9b93a870a766694ce78d4010ca38ee4f8e4532699de14d4b:0.3148484857756515
ebola-8ebf47f4d7284069c80c6c26f14004beac8a4e8d7642b2b833d71b3e7ab5ec5d:0.3
ebola-c78e0e951ba73180a6e30f98314c48e2b6729a868f0d3fb1920a9d5ebd6ed801:0.2815056103468876
ebola-9473c4846a5d2fa4855764da9a35dea35b86c59992a67e65fe1a7207bfba7db4:0.2655033817487585
ebola-629662e344fcfca277ece630084e2fb98dd80e69bcb948fb796201ea27981edf:0.24505336370979944
ebola-e642bd79231c1268629a20f0be13c0daa84709dddbc8fe761f62e32cd7885b2d:0.22035003035918413
ebola-f30858273116bc8e19d06ad269c3ca2ded4fb548a5a2351335ea5f12c5c1baa3:0.21803808136924435
ebola-0645d889004e687fe2c02d3e853a6db189924d23f525281d5e0044437c0d9b00:0.20947128854159333
ebola-2ad589cf49278503d8772bb56a63f17ea84640faf2effc65a0d74789b41b1e27:0.1887783219043237
ebola-684ba76f6a43884841ce3843ba621139317e32fe6f772b9db8aab4d05f26ba91:0.16215188180335782
ebola-e8957d0fd97ef80a0695edd6672facc906c1c5082ee0801dbb9797840bb90b39:0.1506715552976623
ebola-71c0a82bbfb63ea4b5a611467f2d1943c8493075c0ce85d6852c80fed83f110b:0.14565322978296108
ebola-5645ab5c09a0bd975c749c4556d945f6f4d79b199a7d41752e32c264c6ae3de4:0.144798054947485
ebola-f9462665d4ac5ef81b0f81de5c2d77bef443cb932c6e89a9d396bbe52732e45a:0.13899759998942254
ebola-5f6bb548a17ccbc65a2fc9f008f95b14a4f8c33836461ce751e3458e16ad8536:0.12455911352210106
ebola-22bf24429fc8d55c612554aaa0c6dce04590d99d2ec9cbc8b140046ad142dccb:0.1007068173403324
ebola-da1274e2de1b062336bb29b3da279fa596a8afb8a82850f81271d7db3efabe9e:0.09644686454901959
ebola-979b84ecd6fcba83150251787f048a6eed1d42d0ce8bf6c30ed6bf96f6444345:0.09313312090940064
