ebola-214defed6d0eab9aa5e25d54e3c4f759d4e2428a6ec3b689eaef4b4f17721cab:0.9387875257265326
ebola-906e7ce8badb6d3b6f41d6778dfe5121afdfe73e49bbae9ec7fe034d76dfbe34:0.7978340498886236
ebola-1660c56af0f02cbc81725b0aed89e54947e0ddaddbc911d09b0d04ef4a2854e8:0.7126278767400442
ebola-045bfda21c4727835cf5b23458cd3ecfeb408749102cab2b7d564d9d921a517a:0.6427509958892194
ebola-4bb0c415910dba11487969a10cfc33bfbcba89ddfdd4e79a5b9a5922376e7b1d:0.6267428850457306
ebola-a5d032441f30caaf4871dd0f6c230382a9f117fd8c47a3b4aefe928a9a273a37:0.6085729494705656
ebola-3277016941470735b161629a1e3c1c67d22a276448b3353646faf836541b8431:0.518483905998598
ebola-982e04ade4548efad33d15eb6ff0edcfeda001d6e4fcf7f5d9b5218adbfa5256:0.48819617661291137
ebola-14f502f33956efbb8139c47d95ff9de8f9bdf9721eb05713df1a9e9b113260ab:0.42900662646960386
ebola-cc91b084c82bf42d1c3158e5e8e972e7e62666b93ecc47a09e55848d7d8c68d4:0.36582234576120226
ebola-0a713ee7541fad2e4d2623548c570faefdebfe33d7b44bb220e7f5204f3747a6:0.3367855004321296
ebola-7f149626fb2597ff27d5cdfdfea155bf29600fc6df1d3be30d2f5bb900f2cfbd:0.3
ebola-20736a9501a55dfa52ce1d02e0cbc8e69574d39b02b732b0b6aebc376b29b37d:0.2807390347754113
ebola-0c32b04aed848aacd324417d5c8a60b235c6c6b7e882e7e26f1c5cda75a9f3a7:0.27862593378613243
ebola-5e51db722502f59efdb8a00aae7f7f605600724dbce4f81ed7e1d43a135d1b21:0.25259280010879537
ebola-ad0eb03466c6d74418fe2e61ab4f8e9f1c49a584a799d065e205bee8d221e834:0.2353152108440428
ebola-2cce17a1a7f42d48d60d996c42eff5b74d93069c40b7862fe036c1959e61981e:0.2295802774136381
ebola-dc3cf1dcb1b176226dede3a079950f91e1684d6c2206397e4fe30ed42c059b0b:0.22911781541684928
ebola-868f6b5ce0adcf740c660d09028155bcfeffebefba5c7f711066d6b1e4019dc6:0.22619686106348186
ebola-e2280d49d59d3ca6273fb608c257e0b71f0a83dff1329d3888d0301912b2d4fa:0.22202745667804588
ebola-09cfcd437ba6577d52c29146083bebab0b80216200cde40f0c686f2c16cd438f:0.21589017270231076
ebola-f6a9f81d0f1fe195a0a66a5f8e84d2ac47d63bcd057bb41baee377b2550ec965:0.1921509807874018
ebola-92d34dad436521b77b519372862950a9424047ca94e1b851d6237291bba8be15:0.18835208432818035
ebola-59e784ec1b8b4d89d03854400bece7464d26de8086492d09da997a7d6b5adc4b:0.18348930267090463
ebola-13b5fc1159213f9a345994c6897f604b6efe873ad3130395a9fc78874828e3fa:0.16449694900192116
ebola-1fcf92a668be02a7f167bd97fe9374277c5845791999694f4168306ddc07d734:0.16195309306474256
ebola-2d8e8932f89621aa1e358539d8fda00e1b193afc5a71b2fc0d0c0e7f6718ff00:0.14599603928345584
ebola-3a7668d1a92966f43f8e5222a2e7fe1d9e37e456ddbdc8da40d73c22577cd5a5:0.12397338914949173
ebola-6f8218aef4479bb81b6698db5916ab78590b7075196edca39306fc3fc61e6b47:0.1095725231650566
ebola-ff9810ab6d8a8e084b01b571b28952ce442cf3053d1ea434b35aab8654e952d5:0.09744634538982831
