gov_noaa_arctic_www_ba0be07ef824079afed9d76f1478c8ce9d35a024_1424628047000:1.0
gov_noaa_arctic_www_f1a6bded18d7ba5c71361ec2f90af6388b988174_1424142073000:0.7749577776817506
org_aoncadis_www_7faa25fe037ce7954422499fa25f6324b9e8096b_1424392097000:0.6736869941023675
gov_noaa_arctic_www_279d4cc61e9da4bd98c8409e46a3e7ad6e3db80e_1424143832000:0.6191273091196903
net_bssn_768a834a6222fcb29b3050b918b8a1dbba9a2fcd_1424614637000:0.6055731357551482
gov_noaa_arctic_www_3c45ed53fa4dee982f61996e5439549a255a8f28_1424162941000:0.4937721170921856
net_bssn_c14beac3ca0ff46ac6616714b35768085ec2d299_1424614710000:0.48147731392365667
org_aoncadis_www_b3e2bdd3fbc351abe3b47de9eb440d48c7e7f185_1424410817000:0.4548417151005618
org_nprb_amss_3e7ea153eefabd6e5e03e16788be37f79a242440_1424614757000:0.43241385061611703
org_aoncadis_www_62f39b5c91e6160a4447923af6ff1853ca5a49f3_1424406010000:0.43073667460933573
gov_noaa_beringclimate_www_eaf3982e41a19b9d95006b20d483d14e4831280a_1424156448000:0.43037394081733954
net_bssn_b240afb3df8b26c388f6ac72324d551b3ce7ae38_1424614546000:0.36995590253424
gov_noaa_arctic_www_c01acad886076155652ed70285ca2dc3d43afa81_1424153309000:0.3568222203905066
net_bssn_4ef86657adfab438e4136d508ddb4c66bfa4a74a_1424614064000:0.3455128895705996
org_nsidc_11c199789b5caeaafb3a8775336b5263d33519d2_1424233422000:0.3382179367599866
gov_noaa_sanctuaries_3ef9e15b1e0bee39af84b61d1a30f97a954c37f0_1424156721000:0.3025009584020518
gov_usgs_alaska_24f7bd445945d026baa4e43a38656b0a847394a3_1424614151000:0.28193919419446567
gov_noaa_arctic_www_851701955216b1a394b37ea40d2d2486854c1746_1424157002000:0.27817990597600245
org_nsidc_92ea93efbe59a7cb4bac0fe0178c0278752d0805_1424241423000:0.2461653537289648
org_arcus_www_c9593f466a42428a9fbcf5e9543f79eb7ac52607_1424611193000:0.24290797339904147
org_nprb_amss_66bdebecc8149407bbd56652e139d042a51c43f7_1424614804000:0.23789626899697774
org_nprb_www_46ed2bd66bea252078fbaa972be904eb11dded73_1424611753000:0.22978522691901745
gov_noaa_arctic_www_285fa46e6482bec3ba8c9c2c3a25e21fd32102ff_1424161804000:0.20396613136027675
org_aoncadis_www_7faa25fe037ce7954422499fa25f6324b9e8096b_1424558668000:0.20336040870394925
org_aoncadis_www_7faa25fe037ce7954422499fa25f6324b9e8096b_1424608225000:0.20325585672962265
org_nprb_amss_7476356681e118f6c736cccded55d5c9cd46ca11_1424614179000:0.17514266433796094
gov_nasa_gsfc_gcmd_62d1152547a99afd6b5a3f7fb6305e718bd6b82e_1424517273000:0.143045799034477
net_bssn_61daee3c69461ed57b705bf32995644d213e2e9c_1424614091000:0.13249842849401916
org_arcus_www_dde3e20c9ca1ce90b404b40b0cd44fe0675eff8e_1424611392000:0.11501078854605445
gov_noaa_arctic_www_d6c36d3485d3cfad7b7d5abf85ebea6aacca1fb8_1424141920000:0.10336864858476576
