ebola-21dbfd488c0c46d8eee9fa7224ebe6247ce03032f1d5eb12e9ef7f1d61cda69d:0.7680125903926833
ebola-b920e61d2b0a0714c97095c9f38052683383f692d594b7525306f5206b36df77:0.6843812242888396
ebola-8ce84c9eaffa0138faf7e895f9bc0141c1333dcd68dc9e7756a768108b7a2617:0.4761609652478569
ebola-45b84b2de59ce45ff984364de8032705487e6a31db81be8dfe0b328eec3e7637:0.4760280947502169
ebola-334bba2cca2807a3d5096678010b6d9f0e6328ad284896fd5866304be5aaa0dc:0.4295185014911095
ebola-19c56b6b71733aab00939e7e0423bb87f795171401737829cebcd0bfc5820155:0.4168946379430853
ebola-967217a11c602e6a603247b5a91c5119d1cad68af6a0f4f4b6bdb10ca1ffac21:0.3884526166713135
ebola-9d0a8eed7597c1b520e3c01bba5717bcdd10adcbae666e90ab70861bace6ffe8:0.38189919068353856
ebola-5e63f6e10ef1bd92863a98e6dcd0e989253ac97c97dc47f713f80cf865ec495d:0.3458076032521536
ebola-1e9df05453557bedb84840932b01e4b57d08ef2ecabdf3c58227ad906ccefd15:0.32798619102638504
ebola-ca9969a2770a8fc1e09338fee3b3042573c3af559e0f9bee54571a682d687946:0.3
ebola-938ca859e81a1065f721d383d32590370dcd3bb2dc24ee18cb24c6dae1ef7530:0.3
ebola-0d87e550a1551f3776117182ae850063d80c39bda0ed05300ede185748c7183b:0.29134809454592675
ebola-c25c1f81a9bea2da3ae7570fb6a50d40cb9249b274ebedf1aa23fd6a8a5ba477:0.28878935982582266
ebola-d509bdb0afc26eed8ed04f6530217a8510eea3aaa2c3cd04cd2cc14fa8ecc7e8:0.2691133032427448
ebola-8480b4db12847af7e91a4325365f9dddf34c95c53384aeffd78cd2dd6180f402:0.2668753003964647
ebola-f62658f1f8db9df1e7f3327ade737727de3c747f0d32fc5888e32d8353c4384e:0.26546222120359003
ebola-abe7801efd195837f19077d5abf538054f92a2b3409c0450b5b31dda23eacd88:0.2605740535799203
ebola-ecc0ca5ce01c42ef8c9d00b8d9cf97828f9aea8b7ea9a5f4fc915da18210e638:0.23475302872095824
ebola-7d3b2c9cda04e8514286efd2298c6e93c8d4f863f82c35fb85de76b4023dc7c2:0.22042921113379063
ebola-bdec02759ea1b376d362e879e33985e01027ebd505e775740c5c7df716edf289:0.2122633526110454
ebola-2019972b4ae6dbc63b89b6809d197022f2f59010fca9a6b252d5b55d840e5d20:0.19705488725619116
ebola-8fa2dd4a4e2aec96d9f65b544174ad62c7692eb47b96889c7abf6f881a52d594:0.17594122744452523
ebola-3b494b1ad8b7e3671401b5c5d20cb082bf224a17f31eda835376b821e3e3abfa:0.16453072808536506
ebola-7fb1f654ce3dc9e194a6a5e2017c1e6f9ed5f10ce42e7b418c07a43911dd9f4d:0.156442553468654
ebola-e1e333e149c1892978591d622b73e22038bc918ddc0e13557476b276b9ea995b:0.14945924273883132
ebola-82397379d2f6fd97edc2e2f5b7f8a18484d332d368a357af8afad6013c0795f5:0.12669564478851908
ebola-645a8af3ace496323fd3328f765a1820a9bc45bff1ebf6fb74372de778d575ba:0.12626163706053603
ebola-3d611657a8d500e076f071ac379643ff849a338e87d11bdae71acdd4cfbf377b:0.11918676576496531
ebola-8f113248b34e8206ea63e1030d719b1a42e503c7d9ca77894b51aa1de5580fc2:0.10789247316363786
