ebola-2d3fc9d3f24727460c25b5ff408a27cb82c53398a2543bffd740daf3a0d2f866:0.8709280191705524
ebola-e0faedeba1626058527f3920eeace46c7b9214eae87871c2281330a55ce7a8a0:0.461164362357539
ebola-3e474563a8e2fdc9818a8cfb48d4c5e07cb4361c5fbe73c39a4f947770db0056:0.3891583995374003
ebola-f55a6298ead11ae50f964bef69f9379aa01dcfe41e06ae05a6702a4c1ffee885:0.3810681448301603
ebola-e1d145fdf22a6439c8fbde8124109d5cfac94c0bf75ff4477f1261d9a8d069b3:0.37613294687036575
ebola-2ce2342a4e26ae9bba7afb0926145928ff4ec2f1ccc517cd3137630a20a4b3e6:0.35397076939081906
ebola-8412dd6cca4426167a70b07ebb05b0c130211b526e238ca34c506f0224c898f9:0.3480376738581966
ebola-59e2d49856298bfcb31ea99c0c3652f52a3006c40bd9637c4d9a88a86cf0a691:0.3379825029625811
ebola-eb628758565cc8b96ed64e92f7b910c2a9f13124e533632a64006a4ccbdb39c3:0.32682145339412105
ebola-f633ae7ed2bc101f81b32e988db31388f481bec1c74775fa43b320b66aa706cd:0.3180333988099788
ebola-39d1a01d7a6a419f784cd142bb15608205cbd32ab61a9de0bdd36a9291b1d17e:0.2916101087373818
ebola-3749e6693a956637f98269c703f89e47c6d099aed0f314957cb70749c1af4002:0.28662964101112126
ebola-3c452e2691a71f1b42e521afae16eb03876aabf34aa43e5a86437b93c3a96a68:0.2677605452202386
ebola-b22b853619a41bbee2a49357c5270dea18af5856be628cd79dc7ee3b2208a187:0.25268789513548257
ebola-d3f04c55b508e7c0fde6ebccae5f5441063247efd3c7c568eceb97283144b1f1:0.24622811690366278
ebola-b5402156a273064c923d9b3e2470c3b1957619b6e5cd5871485c46b374f8c2ac:0.2286531874361686
ebola-5541c3f8651d9a8717c19cdfd91707a6f26cda41df9cbc8e8da59f3472218db7:0.2052512213360268
ebola-446bea2be4f992f2dbcfecf325bb52160b65a2c4fcaf15e2f7cc702f9b3dfa21:0.18551770975837364
ebola-ab803e94803cfd5487ea65e85a7ef1996c797c2790f96863e0e13ca97c777a1b:0.1653774253104741
ebola-23372c2b876031ef3316b9c542059fb93cd6532836adde6551daff14e8afec0b:0.16476668363449443
ebola-c2848399561e1816ce006b21cda8ebd7d7c2e7e33089a3d3da0bb586db41591d:0.16390628210132333
ebola-b096944de30449379cbc172fd929b8607c488243f25b006622b3f6c4becc048b:0.15040763078246588
ebola-0b9c02d609dc5158bc2bb33477bd6323454954b92383d593c97b839b8f90ec1a:0.13769947315741984
ebola-450b82ed18e2ce1cc5e16d8787a49e8339071e432b728029d8abff4a4dc7e852:0.12897697094792984
ebola-d863e612962d7a9a7d927d33ddb49e659e08f994bd2ecca898c6d0881f6cedb8:0.12111697956522566
ebola-bc2986db8233c87521f10ff18846455bd8752accc608b80d054b65ec6132f6c0:0.11729652114305848
ebola-ee79ce3798021a9ae665a2308993f47dfcf6198d161aa4080dba3ab4aba631c1:0.11257378763595277
ebola-5701c44ceb0aaeeeba44c6731e84282d1ef63dc66e6943e897ca89654e18e5b0:0.10183349824134626
ebola-d846eff6da2816e276df607b12f7c8ee6df3d0ac5cb0949c39088988f6959144:0.09039180880889902
ebola-6b4d42f9fb7d6b8a76c5b81afa25457247450a19f9ac09a584ab1ce93f0fb9b6:0.08759605659480874
