org_aoncadis_www_7faa25fe037ce7954422499fa25f6324b9e8096b_1424392097000:0.8441860668369743
gov_usgs_alaska_24f7bd445945d026baa4e43a38656b0a847394a3_1424614151000:0.7775719421525251
org_aoncadis_www_7faa25fe037ce7954422499fa25f6324b9e8096b_1424558668000:0.6433072188703031
org_aoncadis_www_7faa25fe037ce7954422499fa25f6324b9e8096b_1424608225000:0.6403551630967623
gov_noaa_arctic_www_d10bb5477affd906ae8a38770be2389bd1034559_1424159325000:0.583747846544648
edu_uaf_lter_www_1403d93417f7162b58f2773a644e41979ea55b39_1424611677000:0.48892595432326225
gov_noaa_arctic_www_292541b0b80220d7557f7b71f0969aef07f53583_1424157642000:0.4704940153248535
gov_usgs_alaska_7bb471da050d470d9162709bd0924480c4d229aa_1424614949000:0.42897307253257355
gov_noaa_arctic_www_29ba803af31569689b38c1a4bf3764af3651abdd_1424157457000:0.3936815779773367
gov_noaa_arctic_www_851701955216b1a394b37ea40d2d2486854c1746_1424157002000:0.38687855606082727
gov_noaa_arctic_www_5f14d30f5bdd733cfdadca68f3b3bd87b9b1e301_1424160678000:0.34652826161266065
gov_noaa_arctic_www_591a49a2e4eb4529f4796661deb554c5fce83a90_1424160682000:0.3420475479909206
gov_noaa_arctic_www_b156a9a626dead60955368b6458e7ba700e8d90d_1424194440000:0.3253846349427485
no_amap_www_e3de998d4f49ff3307300f2911e78323a853a9d7_1424611231000:0.31516483612369317
org_nsidc_b2ad54c26f4222335471e4494e370c5474b62f36_1424233206000:0.3
edu_uaf_lter_www_0f775897353db06fd963f0e5024933e8190192c4_1424612020000:0.2774620936283284
no_amap_www_9f9ba91b753911cf034426ba7771c7683eda639e_1424611911000:0.2774603786197684
gov_noaa_arctic_www_b000edd5a52fab79f8cefd0bc8706963f6b5bf29_1424156890000:0.23173654786883677
edu_mbl_ecosystems_2d6aa1a3dfbe60f601247ae706736da95175955c_1424620385000:0.2236699452662154
org_arcticlcc_9c2e0d75a997b7906cdfa11b538c7b57d7940072_1424614974000:0.18278434210726674
gov_noaa_arctic_www_2701ba605b79680ce438b0613d6b6e5d4e027707_1424157541000:0.16851522657506776
gov_noaa_arctic_www_f1a6bded18d7ba5c71361ec2f90af6388b988174_1424142073000:0.16302273221877733
org_nsidc_7eb202e9bcafcd6d3e67b3ff474436a6712f7686_1424239951000:0.15028910183531183
org_nsidc_5abfd061b2d456369dca5efb508853de7a1a5f34_1424231518000:0.11429168514528369
gov_noaa_arctic_www_383452aa8de708e9dd4f206d00594f75015dc190_1424158261000:0.11361778911629679
org_arcticlcc_c0232920c89741f15ef9b8040c92ebffb0c2eb94_1424614615000:0.10244346084071697
org_nsidc_fb3a529594c006b6ed32449b7d79d72e1a2664a5_1424234834000:0.09038070423591552
org_nsidc_5b9c650ee5afecaca0e15a60c6a7fd3967942647_1424233819000:0.09038070423591552
gov_noaa_arctic_www_678e43f09761f5f2401d871c7b67e7ce1e4585cc_1424157314000:0.07411882611118939
org_aoncadis_www_c54eaca179af2bf0238e2562428a906e3695812c_1424408334000:0.05667861488088555
