ebola-c583b4d781dac675eb00aa1693d40d9fed980730523503630b955588c556efb4:0.5741709919660176
ebola-c23b675734f1a9bb370efdbddfead8b8f084b844108ae4d37301feee7af680c8:0.3041912821092956
ebola-40925a6845d6f5e48e7aa2493ddce92dd19606c8c50c029eef70cd37199e7d8d:0.2940297949994768
ebola-797fa68c2ddc512218be2334e7e355af33fb1bbb76074b6e5187160d763264e6:0.27625943748360604
ebola-a6737dd052c71f290a274e9304ebf589e33e3d0cb4f6e21f121ee5e63fabd0ac:0.26194876510210174
ebola-69e2ab2bd03b5272d1b19104de25085f1bcd7496572899b23db5c40e47e7394e:0.24093051341269206
ebola-b54bd3564d7c5d4acff85f42e9882aa1d368442167aa49c394e05ca25299be24:0.2150639056646905
ebola-80fbe17452a0575861a24f85697c9fdea116f02876933ad4889100a42a72b452:0.21012345537271865
ebola-a45a0e404ffdd8ea57cc18b59a2e82fceb6883ecb269fc89318062187cd9f924:0.19786129821664944
ebola-c8167a44479f2ac67c690126483b20096030a0b3050f9c5f49b1d477b2fb98b1:0.15413697847610558
ebola-a0e7101d9cdbf166f9655a568c3565dc8ec623c9a0296cc7de4a2307f327dce5:0.14632404638810587
ebola-5cf8046eb8af99f6326c1f5c99d17e713e0e06d5f35dc8c6e21438ae2573deed:0.1114892060742885
ebola-c9b02ab7376590273fc9051d02cfc132b86bd29de4ede599179a2e0aeafc8860:0.0929889453265746
ebola-fa875ee3b5383b2ce511d05accce4f6ce9fcefff45befef7965328614ebb3837:0.09204051377224308
ebola-ea21effbb74987efd0880e694822687057ae594d38240da8a728afa831230c67:0.0789629097763137
ebola-75e1407225459a0bf0bb60605e15a392a405a61613b20682e7ae137fc660ed77:0.07441225486931234
ebola-db5d11c63367037be2a5b4e5e85e33722218776d2f830acb2ddb25db542f3932:0.0619774868143825
ebola-346b86f07df62065058c9ff843e14bfa89aa6002e2df6c29da745e9090246e88:0.054132971331096444
ebola-71a85f6fe2be511545ff66f5953969c59d9ece647cc8a521f769b33e15e58f34:0.04237340043303607
ebola-a43769ed8dd6dafac958f166ce7c5ed733b8711f8d082095e191b74732a4ef0b:0.03969280388203449
ebola-10a95c7f967008adc7ccabaf7eae5007b4a625f1df6b7332fcdd592a343f8d2b:0.03562596682148547
ebola-75a66521600ac1897b3870747a622ed5e326ea12c5c7e03fde017f76d8c89ae2:0.029725714597016267
ebola-08d4b4b9bcfa8f321f6f2690b0947e16c78d52d2b1ec75ff6208b6d5a944ef21:0.02145128304946489
ebola-cb3838da0ffe453504ba7b5003e1f2d65461ed1923ee738df404912323259fd2:0.013903477711051543
ebola-a5bf58bd54245fffe28f19ec87090e147a382e8d4ab5e7dcc94a443c560e26e7:0.007566709696998986
ebola-0fb684a9fcc10d138d8248078adc5ca407726ca17306d7e962d0b8640d558761:7.295693977962486E-5
ebola-2267cd9e8dcc005f3396115d8816d30ecf59e6c48690a9b803bc0d395bf6fd82:0.0
ebola-2d698c501410c6df5a01f19a5983fb29d0b5ed4a7e23ffcfd8ba531cb8dfdf02:0.0
ebola-dc752f3f7493dee6cb1d9f9b02beba239d962adda5d5764819301b3f386f8bda:-0.9248699745558293
ebola-518afe5a4fe8a1ac551c3eb5a03af6502750e856dc694995b63a52869167fe60:-1.1173168980018457
