ebola-ecd0c48877425ae0f98ed726ad3eafa6083be76dbdeab3be68cd1a64b3af4db0:0.7512046009287854
ebola-75aaa92451140763b7cc13f501330fcc2f4b656a5bd0af5b1d7e110e46c44d22:0.733050811883258
ebola-c64fde2130b70f764b4d6326c0be7c959fbd4ca9950c50c90a380f81c38974ea:0.5987310745627656
ebola-2ed66796470e85d98eafab2be6535fa2a8a00d6f678406b9d76da24e2c2c56fb:0.46015846193567705
ebola-6824ca50147035e0e0fe28e22be823112afc3ab3c32aca91c169e423312eeac2:0.45096034282979874
ebola-cdcbbd0032d0b581c54ae92622d2e04c69cca47d843036fb540cf6e72ca73174:0.42386403045771165
ebola-3b6308687b4aea2c068f9a3176cd28bbb52c7a09f5c5f8d608221d494251c259:0.4158974601235233
ebola-cae7eec3504351276dc754c5683ccc9efc72f750cb9c0380a23ef584f3ebd786:0.39292330124909186
ebola-2305e50bca61445851c0bcb0930ea207e0eebdebf1d7705a1756dc084112d367:0.3782984815138808
ebola-849d25a28372bdaf22273a797812aed3a5711006ab39c729fb5ea63d54bdf4c9:0.3732847172512025
ebola-57aed64eeb4008e1488938e89e630fc871ea2be3599c5336e0b4adf386613a0d:0.33776582290197843
ebola-7122149b0e46d8b272fefafe2e9d64e2489a96c1bf9c7644d08108a3a89c2642:0.3
ebola-3be2c9342460656c68b8791c938220ad25d886ab50efbd7af1fef64c89f9068e:0.2910883138016764
ebola-db784d5ec2896039cfe35c5bcdde54812f8c7cc73e3ce0cc1f68e9a8245456db:0.28659767102825456
ebola-e40fb24d9d13c95850a7f96d75c1ac2ba9d461eaa3168b3a4d10a34ce1fa413e:0.2830222727037832
ebola-afbde707f53acb5ca54daed9d653beb355d873140bfc82cb1c305f652980cfdf:0.2829793353880906
ebola-2221f29d6183a19f2cabfe096c791291e81cd91dd2f8bc9d05c709c785cf79b6:0.273308721096492
ebola-9966acfb62b0d1131b552250578a986548883a230282f7a4578d6209429afb8c:0.19159232522742423
ebola-0e99dc4e69d57afa571419cac72aff8c2d2e58cecfdc958be6b662646aa24677:0.1841839131522743
ebola-3e191cb94292f4d1cfdbd66332ee01944b424ea1fa88fad22f8285b53eec808b:0.1755966343001061
ebola-a3bf4762ebbafb3b84764c02518530b5d7f4cc9590b73ebb576fe4f839da78c4:0.17092456503692838
ebola-25b652d85ef5578812da74be4f6910c13a345a1408b1e8ef03418e233e3118ba:0.1678084518306788
ebola-448e365dd4758bbfe2d3006b7ce95d38f7661537d199afe300ee8c98cc9132bc:0.1542402562129731
ebola-d0d98dbf4a806ce3d513c4bab7899660f7fb3b432e6cce51b7c24ce527c3b8e0:0.0818084890037413
ebola-db2de43fbcd5a57acf751a48b06f3f7f1f5ddba1d1289123e608cbca286adc44:0.08163577223035096
ebola-3c8b8ef140fb3ed44441d0dd0e37c485f4f7e8b9cec882952c29f244a892feb6:0.07804499481519978
ebola-0bdd30601ccbc10fd82948a76be414479ba65f30149d1c78c9c5f5bbca23a0f3:0.06847582832035565
ebola-734b59e25598151b843bd26e02c9eafab91970fc95714248b9f8ed807bfb74e4:0.05503039647378735
ebola-82bf7bc96ec80b0e2f049aac7293604ae89edd35e6be10e588361fad6f3a9dd1:0.05425635341023183
ebola-15929548d36158be89e3ecbdd3e6a506da61fe25c838e110b42986caf9278360:0.054179805821129114
