gov_sciencebase_www_e56594ed938cf4107313d27c23b8d4d3ef174815_1424613232000:0.9577822239711145
gov_sciencebase_www_0d411c64f752d0dd116902e04682463b296974e0_1424612537000:0.9564578428988291
gov_sciencebase_www_f80e0d9ece4cfa6c5ac267c9febaccdd1324abfc_1424613089000:0.95565121733711
gov_sciencebase_www_2fce79adeb09b7b02fa8de35a6982ea01cb5a45f_1424612537000:0.9511686349781756
gov_sciencebase_www_a0a3653a5e3ed5572faeccf9b350e21f4f432790_1424612483000:0.8920162605866782
gov_noaa_oceanservice_74c0b6b0e76c96526afb865ae21ea671698aeb94_1424143864000:0.846990300291546
gov_sciencebase_www_9c3f709aefeb2e4758d2deb6604e57bd031ae482_1424612823000:0.6589017510814306
gov_sciencebase_www_c51dcff95cb497a4af03a6c5b8c628f554d03e92_1424611425000:0.6008272453497735
gov_sciencebase_www_d76799d1db09fc411291b661f769089131bd42d0_1424612689000:0.5936460847306491
gov_nasa_gsfc_gcmd_5662c270017ea0d3731aaad06d34723444f231ab_1424247152000:0.5732723724374139
gov_noaa_coast_5b72c125a56196fb369902a387ad5221be12d92e_1424156097000:0.5535723987179236
gov_noaa_coastalmanagement_8b3f41c9cc4e3cf73b3a2a8cdbb1929cfebc5bdd_1424157197000:0.4043687291379
gov_sciencebase_www_fabc2974e76139dad9da4eb4d7b0b12d0aab07eb_1424611375000:0.36869095123441753
gov_sciencebase_www_312a97d0f1cbd6b4a9fa48ebbd72c4ac31194e75_1424611813000:0.3465311979411512
gov_nasa_gsfc_gcmd_597709fc15bfda6ed6609ab51c83f48e6ff4a3ed_1424363735000:0.33157509719804074
gov_nasa_gsfc_gcmd_8989940e322c2e29668f1559328c3a01d68aef9c_1424251733000:0.3181323990885237
org_realclimate_www_a65b3e19fd5191db45c013071ba32a05e177e8f0_1424628253000:0.3
gov_nasa_gsfc_gcmd_3416f4886b96fe6e5ec5f49ece3d3cd5e238fd90_1424364687000:0.2890176197214592
gov_nasa_gsfc_gcmd_d1f3d1a46aeef22a0de9424f1169f526ddd7dbf3_1424252483000:0.27835016274541396
gov_nasa_gsfc_gcmd_c865500995064fceeb7fefe64682a1244edb3390_1424247490000:0.26714147993101955
gov_nasa_gsfc_gcmd_a95b7398f22e1f38e67393521e024cd1a43ea08b_1424364265000:0.26714147993101955
gov_noaa_stateofthecoast_cd6f1d99d54c83fa413d62ac35c0af808b928784_1424143586000:0.2554117224511404
gov_nasa_gsfc_gcmd_571800d8fda36e16eadc3e8be9a7874184954253_1424363617000:0.21568352065766583
gov_nasa_gsfc_gcmd_ec96146f345ca404a5dacaaaa3cf21db0124a124_1424252445000:0.21145780455440713
gov_noaa_coast_2d3b3c3312210007b3eabeb456a0633faa262cc0_1424158015000:0.20290301418402182
gov_noaa_coastalscience_1636258032d75d7e24daf2e99e26cbce3319110f_1424157428000:0.17999080936643508
gov_noaa_coastalmanagement_7cf92b304fd5a1c4b29825b089551131faf95ea8_1424156742000:0.16999341552050218
gov_noaa_oceanservice_a67ff033d37a727952602b708437d512df0bf043_1424143544000:0.08615903894090023
gov_noaa_publicaffairs_www_d0f655ac7cdf7fea50b0eb673e77e13a6e27066c_1424152700000:0.08513732596990727
gov_nasa_jpl_solidearth_784a5b78c6fa79791becd7607916d4d9e9e61abf_1424294298000:0.07782159867913893
