ebola-279bb273355e997cc108b5e707415e76f226357cea91b3cba8fc2b0c6b275482:1.0
ebola-76a48c705cf8b0f230f2c4a48c9ca186e5f1ddd7aa3f2a41c0c900d063a76275:0.7270211687395517
ebola-f45bd38ec4669d79cfdcfc59fe74ce0e5ea5c0bd27d2b50f25a697841d4f5542:0.6565149874164284
ebola-46d4d2c7f63f46b846b53dd53efb43e8d83805a860e1818a77d45b106b7711a3:0.6349663479032894
ebola-71059e54ea43187da4835ab51483690ab79b5338bb32559b387371c37b3b567e:0.6334777236803673
ebola-65ae412ca7eade7d933c633e69a87e1dcf0797f86b6b8659427381597ef2d726:0.5988153046961702
ebola-09052bd6d027fc1ac96de0022f0baf207a5be92bb5ad1200a30a7f5b56ebcbe8:0.5966847097998698
ebola-e5ad92b35380955900cf4548878b886bee6ee2719d55659398e1b613ab8c5c45:0.5829968642861069
ebola-b0f418db924b41ffe40468cd6c15cf7732f9be24beb72aa9e3b754327336483a:0.5624066286100148
ebola-67d63c6160d9266f5f0ba332e8613c320a223e2b3ceab7b1f0a52f67cb669fad:0.4976744976876337
ebola-0774bed7fc9df42b7d80b8467ad5056bba39e1162d10a26a9841c7c858d28e07:0.4819897435287068
ebola-f8c083e5e5fcc7c2b96eb8e33e1b8105b04ba2e96bfd3c34fe9a6f3687befa9b:0.43419748473987746
ebola-940479b8f3f542860011dd3aafa0197f69c4c8e5d8355bc33cc46d31a5fbe7cb:0.4259428601014635
ebola-0814f7995dd0e84ac87baabba22e7e62d1c9562e8400806be03bd5ef40a3b7a0:0.42157208418713216
ebola-45ee0101c2bbcd398e21316f8f7fdfaa1db6a35926e04b68fb4fc24a4ec9e007:0.42120178507827305
ebola-e96e9d298f88f92b53927f2438c973a82cdee2fd4223a3564e164e4831ecc1cf:0.4182988338665182
ebola-2ea72277239cce5fb59b4c0e3452c5c461763779bbfe66406ad8bf0137a14d48:0.3613036214455495
ebola-6426ff4725e4e98950a5f37ea4a826f3a0c57cbb7321aac1ce1a39d4f490fc40:0.33491006824705705
ebola-293035dcb41ac927be104c742361b827918157cef8ce0bbb22b362a7f09302a9:0.3
ebola-0237c2e1e831cebd26d889eda13bee32be3cb96b7fb54880fa3c4e8897d95339:0.3
ebola-4e4fe2f700a671de863eef9cafd1e454f88f63cafe43f5ddf071ab4c6cb6cc6a:0.23120993534013798
ebola-d0e7da9eef769ed97570750f4417c66f5b6a948c0d622ca94fa12d68f5401b8a:0.21902954938996222
ebola-35976027d35894f0e83efd57e2df8564e8a6f101f574ce9668af93884c9f6fba:0.20137488024869846
ebola-cbc8f1bcdbbe3e3f2315a70106e8a88461f23bd872cc779bbc10d9d1f2b78450:0.19892403321045096
ebola-4eca7ef71fbe1859309388cdde47d7638806f6ccdbd3f670a6e1d159a52f56b8:0.19333133192472604
ebola-858d1379f835c0acd6462ff72c0e44632de018b276914acb0e3185e99cb22145:0.19166342286957036
ebola-82db0729e73689af024795eadeb168c9be80f98f9c55602c51b6e45a710d84a6:0.19041559658279653
ebola-ccc84c4b13a00312b511b37f7b7beddce77b96c5de3c5521c321185f60320175:0.19012526882644956
ebola-0fc747a7f12a513e42b20f65f905dd56f7e79d1248a885bca94243da6567ae9a:0.1775311233641806
ebola-7adedb79499496c94194b3e1c2e162cf124d170871b26ddee2cad20d476158e0:0.16188865386147017
