ebola-962cbec9a83a19ebbcde0345d73f14caf93c35351b4bf33041e9557c4a5a6c0a:1.0
ebola-2c84680fde53cb27820a387b222fbf0f9edfbcf53f2f1bb44ccc4317e0dc6c32:0.47500567738147803
ebola-cea0d6ae3b74afb78b7dc5eccc9e1553139f0a870e3936faf014def41ea8c9fc:0.41474443107209336
ebola-9f44995f4348fa1ae575567e4a3a5c1addd3460f774d110554ad237433d4fc71:0.35057308663140674
ebola-581fa89d4050db5f96f4a316fac6c3d0ab45da19154e88f02c05016f198f3a96:0.3
ebola-e91adc71f401a17ba6f9a572a433c112fcbac6f9598e807845ac94e4a9afa8e3:0.3
ebola-56b660a4a0410125948c7745479b1f39f7c23047b03341aa085ba72fc383dc8f:0.3
ebola-b56c08b7870610acd3c32bf2173abaed4be5e9826e5307f00660e6b8935c26ac:0.2736142665939342
ebola-acdfafbb24a8facb45559f6f4d0bf9ab5a8480103f592c0c415b536dec7cb8fa:0.26906491381251246
ebola-928f142da9ac53bb1b62a8a09faadc31d74d5298b4b9e9acd3caf6376d498290:0.23938495657970488
ebola-688ec31f80ba7c964bb7fefadd6e271fe110860706e99466d1c9e787cfd7de95:0.23368384896771294
ebola-55f50be7f6c765d1ccf096716e0956ac9b54bc22839dba904aa0f4f39b6a9275:0.22497725736069502
ebola-2fbc0ab44b47a916ea3340e255183482ccb3ac244206bab89c19518797cf5110:0.2106663513224885
ebola-e8dde421421d1d2f1ce4afeb0826e541cc86f42060233797b11e0222882470da:0.18497096486582318
ebola-7bd4a83f949a4b4f0241a890ab0c1e1ef6d76fa6666c2bba849a2a4a084b8e19:0.158983335394575
ebola-8e052efe5bf058f950305658cfb3c2c2e8cec697f58508fb4d53a3a9e4f143fe:0.14509454352240964
ebola-4029ca0e58e55b03b5ae9c5df94314bf92d2b7df811887a9282189e7de90a416:0.12181490353735282
ebola-66b9ae6c0293b19236174d8a6967930300ef1f6777721b10821f74eab60fbb63:0.11485736079968115
ebola-41432efa392ad123feb2f6ce2fa66afd07c11822f72cf12aeff1bd3302153637:0.11234766091523525
ebola-a389ed62f7c097ffe8fe567d6ee9e791d8f9da0fb0dc6ff6a783af29aa60483d:0.0994263654471282
ebola-4fdfbcdecb691d8173181dd174c591e14b53729f50258205a55a7b7906b59c77:0.09260149718205883
ebola-f9999419fa695c47f3b3c236a53ab9a57411f92da17634eddf223271c451759f:0.09060764272393386
ebola-f3a0a43fb871b7f3ad9802702621bbea7de660a8b40f8f634fd15a9dc72768fa:0.08668045732597345
ebola-a06ecd17cde184c5057a5bddd5ac8ce0887030cad75c7d18e4f5ca213beb9e51:0.08633301725549077
ebola-0635266bd07463783711cc5438f477531875a9e4e2b558ea7351d961b0543e66:0.07675649779391797
ebola-3a2d7adbf1d87a40536c4da3d8fbaec4959a583bde8b6cf94555b8e2e8a96965:0.06941554405831177
ebola-f0c3c8e106749e07c1163d050d9816992d5fb5b0592fc07ea24dc3a1f3b61711:0.06814739450073232
ebola-df99abe1cf6e6fa05515aafcd235eda153f073003d4c155d60d16fee8154c7db:0.06742410278120015
ebola-8ec8816aff4b71e58f667650fc0eb7a1629c1a143d36d47f982df1bed933deea:0.06742410278120015
ebola-98b8812cd3fa28cbb0b8248d243ec2ae3c92a897350ec943022601d972cd49e5:0.05864326550330393
