gov_noaa_arctic_www_c01acad886076155652ed70285ca2dc3d43afa81_1424153309000:1.0
gov_noaa_arctic_www_d8a34d5f3091ea5eb11927abeec4a4d69dc0c652_1424192786000:0.626916932964808
gov_usgs_alaska_24f7bd445945d026baa4e43a38656b0a847394a3_1424614151000:0.4318861728026937
gov_nasa_gsfc_gcmd_acf76d56a09c9c2cb457ba323cf1fd74e865f0d5_1424251645000:0.4188555711049092
gov_usgs_alaska_7bb471da050d470d9162709bd0924480c4d229aa_1424614949000:0.2666422338983613
edu_universityofcalifornia_www_7d5d1c69ed9b5625a26dd7bc442854ee95c01f13_1424623296000:0.1494299069933372
org_nsidc_3893dd07b8e0a25a153f5dee9a47e2153cca41ac_1424234318000:1.0
org_nsidc_ac1cd4c66c4ad613c22aa4a0da316c78ab84a301_1424233690000:0.17560804277262274
gov_noaa_arctic_www_29ba803af31569689b38c1a4bf3764af3651abdd_1424157457000:0.14139659962319004
gov_noaa_arctic_www_2701ba605b79680ce438b0613d6b6e5d4e027707_1424157541000:0.10675319935872161
org_nsidc_0babe2c4c29c69f62f7a23311bcfb297f111af65_1424233632000:0.09348787111138337
org_nsidc_132ddd3c5c9345c6750495ec5a1505bfe0fb19c4_1424233154000:0.04412853226584958
gov_noaa_arctic_www_285fa46e6482bec3ba8c9c2c3a25e21fd32102ff_1424161804000:1.0
gov_noaa_arctic_www_22e04a6571596a0bad7185bd780b24f5cc7f5cf3_1424148242000:0.09463989292032385
gov_noaa_oceantoday_109dad254cefe505f6e3d871a082e93b0d58144c_1424148612000:0.07857325394155744
gov_noaa_arctic_www_d6c36d3485d3cfad7b7d5abf85ebea6aacca1fb8_1424141920000:0.008009974788831814
org_aoncadis_www_7faa25fe037ce7954422499fa25f6324b9e8096b_1424392097000:0.19381135215929665
org_aoncadis_www_7faa25fe037ce7954422499fa25f6324b9e8096b_1424608225000:0.10294471925847756
org_aoncadis_www_7faa25fe037ce7954422499fa25f6324b9e8096b_1424558668000:0.10254454344312357
gov_noaa_noaanews_www_855ff22d6d69089806ae9585f46e22437b5a3d02_1424143572000:0.034171883376782806
gov_noaa_arctic_www_60ebbde35a5fba36e8213255b97ef9db0a7cb226_1424151407000:0.005594119545094149
org_nsidc_fd4d1ae1c768625cf7c54550d009e0e4b14fa310_1424234502000:0.6653712472796315
org_nsidc_04a333bbb53a3a42e9ca6613ff386a1445ed5fd9_1424237739000:0.6434952898153006
org_nsidc_f70ac7d07b87619e46c813f322d717d603328b30_1424234638000:0.5497229325029179
org_nsidc_21981740790543a317140a8d90d9ff5cdf82ffe9_1424239808000:0.21316945765168321
org_nsidc_47814cdb0e839830f2791e5da35ddc4db39afa02_1424233158000:0.21080012141618792
org_nsidc_992c5550f421e379eea45c7b3724a9815361634b_1424237394000:0.03158861256518404
