gov_noaa_arctic_www_c01acad886076155652ed70285ca2dc3d43afa81_1424153309000:1.0
gov_noaa_arctic_www_285fa46e6482bec3ba8c9c2c3a25e21fd32102ff_1424161804000:0.47540988730065015
org_nsidc_3893dd07b8e0a25a153f5dee9a47e2153cca41ac_1424234318000:0.4711315730835547
gov_usgs_alaska_24f7bd445945d026baa4e43a38656b0a847394a3_1424614151000:0.45716841807044245
gov_noaa_arctic_www_d8a34d5f3091ea5eb11927abeec4a4d69dc0c652_1424192786000:0.4559203007117048
gov_nasa_gsfc_gcmd_acf76d56a09c9c2cb457ba323cf1fd74e865f0d5_1424251645000:0.4327935845138112
org_nsidc_fd4d1ae1c768625cf7c54550d009e0e4b14fa310_1424234502000:0.3449980727301333
org_nsidc_04a333bbb53a3a42e9ca6613ff386a1445ed5fd9_1424237739000:0.3400326179388231
edu_universityofcalifornia_www_7d5d1c69ed9b5625a26dd7bc442854ee95c01f13_1424623296000:0.2938624938581623
org_nsidc_f70ac7d07b87619e46c813f322d717d603328b30_1424234638000:0.2925114407410385
gov_nasa_gsfc_gcmd_8d9a71caab5883a2d33ffe84f1d2d46f4e41d147_1424361720000:0.2657667800720422
edu_colorado_lasp_a5339667bae16a6a0361757554f2a4b5217969e2_1424611658000:0.16689852556272725
org_nsidc_21981740790543a317140a8d90d9ff5cdf82ffe9_1424239808000:0.13576544463008033
org_nsidc_47814cdb0e839830f2791e5da35ddc4db39afa02_1424233158000:0.13479029172013193
gov_usgs_alaska_7bb471da050d470d9162709bd0924480c4d229aa_1424614949000:0.07999267016950838
gov_noaa_arctic_www_2aefa6f79dd32b77f73e2f5ac49b545d42c2b1ef_1424142036000:0.06273349258970655
org_aoncadis_www_11d8ee018007c2e131b36d8191a6b61d5256aed0_1424411940000:0.058501821550377
org_aoncadis_www_11d8ee018007c2e131b36d8191a6b61d5256aed0_1424402850000:0.058501821550377
org_aoncadis_www_7faa25fe037ce7954422499fa25f6324b9e8096b_1424392097000:0.05814340564778899
org_nsidc_992c5550f421e379eea45c7b3724a9815361634b_1424237394000:0.05629213328440984
org_nsidc_7172590869277de86fc9c413f268cfc494d30d49_1424233445000:0.055582348082776796
org_nsidc_35d2f1aa614a45d1a4f22ace74e44158b164819e_1424234348000:0.055582348082776796
org_nsidc_ac1cd4c66c4ad613c22aa4a0da316c78ab84a301_1424233690000:0.05268241283178682
org_nsidc_5d31f6f00591733ff2dd84554a4aa78d964bdc75_1424233659000:0.05178591884614754
org_nsidc_11be2722d84e487b909d70ed4323eae4fd03ca94_1424234504000:0.05178591884614754
gov_noaa_arctic_www_02b11b673e0f414f1611e91214f8273076e9da14_1424191859000:0.05074048756385595
gov_noaa_arctic_www_29ba803af31569689b38c1a4bf3764af3651abdd_1424157457000:0.04241897988695701
gov_noaa_arctic_www_2701ba605b79680ce438b0613d6b6e5d4e027707_1424157541000:0.03202595980761648
org_aoncadis_www_7faa25fe037ce7954422499fa25f6324b9e8096b_1424608225000:0.030883415777543267
org_aoncadis_www_7faa25fe037ce7954422499fa25f6324b9e8096b_1424558668000:0.030763363032937068
