9.587727708533077E-4 0.07190795781399809 0.9022051773729626 0.020134228187919462 0.004793863854266539 
0.07692307692307693 0.07692307692307693 0.5384615384615384 0.07692307692307693 0.23076923076923078 
0.36754716981132074 7.547169811320754E-4 0.10641509433962264 0.39169811320754716 0.13358490566037737 
4.3649061545176777E-4 0.007711334206314565 0.07289393278044522 0.9065910082933217 0.012367234104466754 
0.04477611940298507 0.03880597014925373 0.15223880597014924 0.03283582089552239 0.7313432835820896 
0.001571503404924044 0.8124672603457308 0.18491356731272918 5.238344683080147E-4 5.238344683080147E-4 
6.406149903907751E-4 0.7885970531710442 0.1672005124919923 0.008327994875080076 0.035233824471492634 
0.0020824656393169513 4.1649312786339027E-4 0.13536026655560182 0.0020824656393169513 0.8600583090379009 
0.0018856065367693275 0.7247014456316782 0.18667504714016342 0.020741671904462602 0.06599622878692646 
0.00411522633744856 0.012345679012345678 0.934156378600823 0.012345679012345678 0.037037037037037035 
0.004676018704074816 0.002004008016032064 0.8236472945891784 0.022044088176352707 0.14762859051436206 
0.008849557522123894 6.807351940095302E-4 0.8829135466303608 6.807351940095302E-4 0.10687542545949626 
0.0099524015577672 0.012548680225010819 0.10082215491129382 0.04283859800951969 0.8338381652964085 
0.7939778129952456 0.02694136291600634 0.039619651347068144 0.011093502377179081 0.12836767036450078 
0.6854256854256854 0.004329004329004329 0.20923520923520925 0.006253006253006253 0.09475709475709476 
0.6997067448680352 0.013489736070381233 0.09794721407624633 5.865102639296188E-4 0.18826979472140762 
0.18518518518518517 0.6296296296296297 0.1111111111111111 0.037037037037037035 0.037037037037037035 
0.009472259810554804 0.07442489851150202 0.06901217861975643 0.12043301759133965 0.7266576454668471 
0.1111111111111111 0.6296296296296297 0.18518518518518517 0.037037037037037035 0.037037037037037035 
0.07081174438687392 0.04317789291882556 0.385146804835924 0.012089810017271158 0.48877374784110533 
