9.587727708533077E-4 0.004793863854266539 0.031639501438159155 0.20038350910834132 0.7622243528283796 
0.07692307692307693 0.07692307692307693 0.23076923076923078 0.07692307692307693 0.5384615384615384 
0.5381132075471698 0.06867924528301887 0.2920754716981132 0.0037735849056603774 0.09735849056603774 
1.4549687181725592E-4 0.002473446820893351 0.889131383675251 0.008002327949949076 0.10024734468208933 
0.0029850746268656717 0.6537313432835821 0.03880597014925373 0.0029850746268656717 0.30149253731343284 
5.238344683080147E-4 5.238344683080147E-4 5.238344683080147E-4 0.9717129387113672 0.02671555788370875 
6.406149903907751E-4 0.02626521460602178 0.014734144778987828 0.8155028827674567 0.14285714285714285 
0.007080383173677634 0.7551020408163265 0.012078300708038317 0.006247396917950854 0.21949187838400666 
0.0043997485857950975 0.05593966059082338 0.01697045883092395 0.6253928346951603 0.2972972972972973 
0.00411522633744856 0.00411522633744856 0.00411522633744856 0.00411522633744856 0.9835390946502057 
0.007348029392117568 0.05410821643286573 0.012692050768203072 0.007348029392117568 0.918503674014696 
0.0224642614023145 0.05513955071477195 0.006126616746085773 0.007488087134104833 0.908781484002723 
0.039376893119861534 0.7022933794893985 0.03851146689744699 0.0012981393336218088 0.21852012115967115 
0.8256735340729001 0.03645007923930269 0.02377179080824089 0.014263074484944533 0.09984152139461172 
0.6632996632996633 0.05531505531505532 0.024531024531024532 0.015873015873015872 0.240981240981241 
0.6856304985337244 0.0967741935483871 5.865102639296188E-4 5.865102639296188E-4 0.21642228739002933 
0.7777777777777778 0.037037037037037035 0.037037037037037035 0.1111111111111111 0.037037037037037035 
0.006765899864682003 0.5290933694181326 0.05548037889039242 0.02029769959404601 0.38836265223274696 
0.7037037037037037 0.037037037037037035 0.037037037037037035 0.037037037037037035 0.18518518518518517 
0.012089810017271158 0.5854922279792746 0.02936096718480138 0.0017271157167530224 0.37132987910189985 
