0.006737247353224254 0.5996150144369586 0.36284889316650626 9.624639076034649E-4 0.029836381135707413 
0.07692307692307693 0.38461538461538464 0.38461538461538464 0.07692307692307693 0.07692307692307693 
0.2283710054559626 0.14886983632112236 0.007014809041309431 0.5837879968823071 0.03195635229929852 
4.3904580711254205E-4 0.09995609541928875 0.005414898287721352 0.8911166398360896 0.0030733206497877944 
0.046153846153846156 0.36615384615384616 0.027692307692307693 0.05846153846153846 0.5015384615384615 
5.379236148466917E-4 0.038192576654115115 0.9601936525013448 5.379236148466917E-4 5.379236148466917E-4 
6.583278472679394E-4 0.15470704410796576 0.7985516787360105 0.024358130348913758 0.021724818959842 
0.001287001287001287 0.19347919347919348 0.018447018447018446 4.29000429000429E-4 0.7863577863577863 
0.019632678910702975 0.29069031032298925 0.6415452818239392 0.009499683343888538 0.038632045598480054 
0.0041841004184100415 0.9665271966527197 0.012552301255230125 0.0041841004184100415 0.012552301255230125 
0.004726536124240378 0.8622552329507089 0.02363268062120189 0.03173531397704254 0.07765023632680622 
0.009009009009009009 0.9376299376299376 0.002079002079002079 0.002079002079002079 0.0492030492030492 
4.44247001332741E-4 0.23322967569968903 0.008440693025322079 0.03864948911594847 0.7192358951577077 
0.8449111470113085 0.03715670436187399 0.03715670436187399 0.0016155088852988692 0.0791599353796446 
0.6863127131027764 0.2167559668777399 0.031660983925962005 0.01802240623477837 0.0472479298587433 
0.7238493723849372 0.18589360430364615 0.0017931858936043037 0.005379557680812911 0.0830842797369994 
0.7037037037037037 0.1111111111111111 0.037037037037037035 0.1111111111111111 0.037037037037037035 
0.006896551724137931 0.32413793103448274 0.034482758620689655 0.0896551724137931 0.5448275862068965 
0.7037037037037037 0.18518518518518517 0.037037037037037035 0.037037037037037035 0.037037037037037035 
0.04745166959578207 0.46572934973637964 0.026362038664323375 0.05799648506151142 0.4024604569420035 
