9.587727708533077E-4 0.20613614573346117 0.7833173537871524 0.00862895493767977 9.587727708533077E-4 
0.07692307692307693 0.07692307692307693 0.5384615384615384 0.07692307692307693 0.23076923076923078 
0.4460377358490566 0.0022641509433962265 0.08981132075471698 0.38716981132075473 0.07471698113207548 
0.0013094718463553033 0.011203259129928707 0.08075076385857705 0.9054270333187836 0.0013094718463553033 
0.014925373134328358 0.026865671641791045 0.30149253731343284 0.0029850746268656717 0.6537313432835821 
0.001571503404924044 0.9539025667888947 0.03823991618648507 5.238344683080147E-4 0.005762179151388162 
6.406149903907751E-4 0.8155028827674567 0.13260730301089046 0.010890454836643177 0.04035874439461883 
0.0020824656393169513 0.007080383173677634 0.18617242815493545 4.1649312786339027E-4 0.8042482299042066 
6.285355122564425E-4 0.6341923318667505 0.31238214959145194 6.285355122564425E-4 0.05216844751728473 
0.00411522633744856 0.00411522633744856 0.9835390946502057 0.00411522633744856 0.00411522633744856 
0.014028056112224449 6.680026720106881E-4 0.8891115564462257 0.014028056112224449 0.08216432865731463 
0.011572498298162015 0.0034036759700476512 0.9414567733151804 6.807351940095302E-4 0.04288631722260041 
0.011683254002596278 0.003028991778450887 0.21678926871484205 0.0073561228905235825 0.7611423626135871 
0.7305863708399366 0.00792393026941363 0.12202852614896989 0.03645007923930269 0.10301109350237718 
0.6854256854256854 0.014911014911014911 0.20442520442520443 0.034151034151034154 0.061087061087061086 
0.7454545454545455 0.0017595307917888563 0.17302052785923755 0.011143695014662757 0.0686217008797654 
0.7777777777777778 0.037037037037037035 0.1111111111111111 0.037037037037037035 0.037037037037037035 
0.0013531799729364006 0.044654939106901215 0.2882273342354533 0.06359945872801083 0.6021650879566982 
0.7037037037037037 0.1111111111111111 0.037037037037037035 0.1111111111111111 0.037037037037037035 
0.012089810017271158 0.008635578583765112 0.34024179620034545 0.02936096718480138 0.6096718480138169 
