0.00862895493767977 0.26558005752636626 0.7238734419942474 9.587727708533077E-4 9.587727708533077E-4 
0.07692307692307693 0.07692307692307693 0.5384615384615384 0.07692307692307693 0.23076923076923078 
0.6135849056603774 0.005283018867924529 0.05358490566037736 0.27547169811320754 0.052075471698113204 
4.3649061545176777E-4 0.015277171540811872 0.0723119452931762 0.9071729957805907 0.004801396769969445 
0.0029850746268656717 0.008955223880597015 0.41492537313432837 0.020895522388059702 0.5522388059701493 
5.238344683080147E-4 0.9591409114719749 0.03823991618648507 5.238344683080147E-4 0.001571503404924044 
6.406149903907751E-4 0.8167841127482383 0.11467008327994875 0.035233824471492634 0.03267136450992953 
0.006247396917950854 0.014577259475218658 0.16867971678467306 0.0012494793835901709 0.8092461474385673 
6.285355122564425E-4 0.5964802011313639 0.3236957888120679 0.02702702702702703 0.05216844751728473 
0.00411522633744856 0.00411522633744856 0.934156378600823 0.012345679012345678 0.04526748971193416 
6.680026720106881E-4 0.012692050768203072 0.8490313961255845 0.050100200400801605 0.08750835003340013 
0.023825731790333562 0.007488087134104833 0.9142273655547992 0.019741320626276378 0.03471749489448604 
0.0021635655560363477 0.008221549112938122 0.16399826914755516 0.044569450454348764 0.7810471657291216 
0.7622820919175911 0.004754358161648178 0.07131537242472266 0.042789223454833596 0.11885895404120443 
0.6575276575276575 0.014911014911014911 0.25156325156325154 0.02356902356902357 0.05242905242905243 
0.6856304985337244 0.0017595307917888563 0.2 0.005278592375366569 0.10733137829912023 
0.7777777777777778 0.037037037037037035 0.1111111111111111 0.037037037037037035 0.037037037037037035 
0.0013531799729364006 0.044654939106901215 0.33694181326116374 0.09878213802435724 0.5182679296346414 
0.7777777777777778 0.037037037037037035 0.1111111111111111 0.037037037037037035 0.037037037037037035 
0.018998272884283247 0.0017271157167530224 0.5025906735751295 0.09844559585492228 0.37823834196891193 
