9.624639076034649E-4 0.8036573628488932 0.1915303176130895 9.624639076034649E-4 0.0028873917228103944 
0.07692307692307693 0.5384615384615384 0.07692307692307693 0.23076923076923078 0.07692307692307693 
0.1504286827747467 0.09275136399064692 0.002338269680436477 0.686671862821512 0.06780982073265783 
4.3904580711254205E-4 0.08356505195375384 0.016830089272647446 0.8972632811356651 0.0019025318308210156 
0.027692307692307693 0.37846153846153846 0.003076923076923077 0.003076923076923077 0.5876923076923077 
5.379236148466917E-4 0.046799354491662185 0.949435180204411 5.379236148466917E-4 0.0026896180742334587 
0.0019749835418038184 0.09545753785385122 0.8077682685977617 0.041474654377880185 0.05332455562870309 
0.012441012441012441 0.17631917631917632 0.001287001287001287 4.29000429000429E-4 0.8095238095238095 
6.333122229259025E-4 0.32615579480683976 0.6048131728942369 0.01836605446485117 0.050031665611146296 
0.0041841004184100415 0.9330543933054394 0.0041841004184100415 0.0041841004184100415 0.05439330543933055 
0.002025658338960162 0.8595543551654288 0.014179608372721135 0.03578663065496286 0.08845374746792707 
0.014553014553014554 0.9404019404019404 0.003465003465003465 0.003465003465003465 0.038115038115038115 
0.016437139049311416 0.18436250555308753 0.0013327410039982231 0.0013327410039982231 0.7965348733896046 
0.8578352180936996 0.046849757673667204 0.0016155088852988692 0.014539579967689823 0.0791599353796446 
0.6872868972235753 0.2109108621529469 0.04042864101315149 4.870920603994155E-4 0.06088650754992694 
0.7573221757322176 0.15242080095636582 5.977286312014345E-4 0.00657501494321578 0.0830842797369994 
0.4074074074074074 0.1111111111111111 0.3333333333333333 0.1111111111111111 0.037037037037037035 
0.001379310344827586 0.3351724137931035 0.05655172413793103 0.1310344827586207 0.47586206896551725 
0.4074074074074074 0.037037037037037035 0.4074074074074074 0.1111111111111111 0.037037037037037035 
0.026362038664323375 0.45518453427065025 0.0017574692442882249 0.03690685413005272 0.4797891036906854 
