0.0028763183125599234 9.587727708533077E-4 9.587727708533077E-4 0.20230105465004794 0.7929050814956855 
0.07692307692307693 0.07692307692307693 0.07692307692307693 0.07692307692307693 0.6923076923076923 
0.14415094339622642 0.10490566037735849 0.5939622641509434 7.547169811320754E-4 0.15622641509433963 
0.0010184781027207915 7.274843590862796E-4 0.8824385275716572 0.012658227848101266 0.10315728211843446 
0.0029850746268656717 0.6835820895522388 0.056716417910447764 0.0029850746268656717 0.2537313432835821 
5.238344683080147E-4 0.001571503404924044 0.0026191723415400735 0.9486642221058146 0.046621267679413304 
0.007046764894298526 0.04676489429852659 0.016015374759769378 0.8001281229980781 0.13004484304932734 
4.1649312786339027E-4 0.7825905872553103 0.0029154518950437317 0.006247396917950854 0.20783007080383173 
0.0018856065367693275 0.0458830923947203 0.008170961659333752 0.61659333752357 0.3274670018856065 
0.012345679012345678 0.00411522633744856 0.00411522633744856 0.00411522633744856 0.9753086419753086 
6.680026720106881E-4 0.08350033400133601 0.02738810955243821 0.0033400133600534404 0.8851035404141616 
0.03607896528250511 0.061946902654867256 0.007488087134104833 6.807351940095302E-4 0.8938053097345132 
0.003028991778450887 0.7568152315015145 0.03591518823020338 0.003028991778450887 0.20121159671138036 
0.8351822503961965 0.04595879556259905 0.001584786053882726 0.001584786053882726 0.11568938193343899 
0.6863876863876864 0.031265031265031266 0.04954304954304954 0.022607022607022607 0.2101972101972102 
0.73841642228739 0.08387096774193549 5.865102639296188E-4 0.005278592375366569 0.1718475073313783 
0.7777777777777778 0.037037037037037035 0.037037037037037035 0.037037037037037035 0.1111111111111111 
0.0013531799729364006 0.6373477672530447 0.09878213802435724 0.028416779431664412 0.23410013531799728 
0.7777777777777778 0.037037037037037035 0.037037037037037035 0.037037037037037035 0.1111111111111111 
0.0051813471502590676 0.5509499136442142 0.039723661485319514 0.018998272884283247 0.385146804835924 
