9.624639076034649E-4 0.7382098171318575 0.2550529355149182 9.624639076034649E-4 0.004812319538017324 
0.07692307692307693 0.5384615384615384 0.07692307692307693 0.23076923076923078 0.07692307692307693 
0.13951675759937646 0.09742790335151988 0.00857365549493375 0.6477007014809041 0.10678098207326578 
0.0027806234450460997 0.10200497585248061 0.00892726474462169 0.8802868432606469 0.006000292697204742 
0.003076923076923077 0.3169230769230769 0.009230769230769232 0.06461538461538462 0.6061538461538462 
5.379236148466917E-4 0.037116729424421735 0.9526627218934911 5.379236148466917E-4 0.00914470145239376 
6.583278472679394E-4 0.12705727452271232 0.815668202764977 0.012508229098090849 0.044107965766951945 
0.001287001287001287 0.20892320892320893 0.003861003861003861 0.003861003861003861 0.782067782067782 
0.009499683343888538 0.2830905636478784 0.6263457884737176 0.025965801139962 0.055098163394553513 
0.0041841004184100415 0.9665271966527197 0.0041841004184100415 0.0041841004184100415 0.02092050209205021 
0.00337609723160027 0.8933153274814315 6.752194463200541E-4 0.00337609723160027 0.09925725860904794 
0.028413028413028413 0.9168399168399168 0.003465003465003465 0.006237006237006237 0.04504504504504504 
0.014660151043980453 0.21723678365171034 0.0013327410039982231 0.016437139049311416 0.7503331852509996 
0.8416801292407108 0.06623586429725363 0.011308562197092083 0.008077544426494346 0.07269789983844911 
0.6794934242571846 0.2489040428641013 0.023867510959571358 0.010228933268387726 0.03750608865075499 
0.7166766288105201 0.20860729228930067 0.002988643156007173 0.002988643156007173 0.06873879258816497 
0.6296296296296297 0.037037037037037035 0.25925925925925924 0.037037037037037035 0.037037037037037035 
0.001379310344827586 0.31310344827586206 0.08413793103448276 0.001379310344827586 0.6 
0.5555555555555556 0.037037037037037035 0.1111111111111111 0.18518518518518517 0.1111111111111111 
0.008787346221441126 0.5536028119507909 0.0017574692442882249 0.026362038664323375 0.4094903339191564 
