0.006711409395973154 0.0028763183125599234 0.010546500479386385 0.25023969319271333 0.7296260786193672 
0.07692307692307693 0.07692307692307693 0.07692307692307693 0.38461538461538464 0.38461538461538464 
0.1758490566037736 0.05660377358490566 0.6784905660377358 0.0037735849056603774 0.08528301886792453 
0.001891459333624327 0.0010184781027207915 0.8798195838789467 0.012658227848101266 0.10461225083660701 
0.008955223880597015 0.7492537313432835 0.014925373134328358 0.0029850746268656717 0.22388059701492538 
0.001571503404924044 5.238344683080147E-4 5.238344683080147E-4 0.9518072289156626 0.045573598742797275 
6.406149903907751E-4 0.02754644458680333 0.028827674567584883 0.8411274823830878 0.10185778347213324 
0.003748438150770512 0.7942523948354853 0.0012494793835901709 0.0012494793835901709 0.19950020824656392 
0.0018856065367693275 0.035826524198617225 0.009428032683846637 0.627906976744186 0.3249528598365808 
0.00411522633744856 0.0205761316872428 0.00411522633744856 0.0205761316872428 0.9506172839506173 
0.0033400133600534404 0.08082832331329326 0.02738810955243821 0.002004008016032064 0.8864395457581831 
0.0020422055820285907 0.04016337644656229 0.010211027910142955 6.807351940095302E-4 0.9469026548672567 
0.0012981393336218088 0.7594115101687581 0.017741237559498052 0.0038944180008654264 0.2176546949372566 
0.7781299524564184 0.014263074484944533 0.014263074484944533 0.039619651347068144 0.1537242472266244 
0.6844636844636844 0.03896103896103896 0.022607022607022607 4.81000481000481E-4 0.2534872534872535 
0.7478005865102639 0.05923753665689149 0.002932551319648094 5.865102639296188E-4 0.18944281524926687 
0.7777777777777778 0.037037037037037035 0.037037037037037035 0.037037037037037035 0.1111111111111111 
0.0040595399188092015 0.6156968876860622 0.08795669824086604 0.044654939106901215 0.2476319350473613 
0.6296296296296297 0.037037037037037035 0.1111111111111111 0.1111111111111111 0.1111111111111111 
0.05699481865284974 0.5164075993091537 0.0017271157167530224 0.008635578583765112 0.4162348877374784 
