0.0028763183125599234 9.587727708533077E-4 0.010546500479386385 0.35186960690316393 0.6337488015340365 
0.07692307692307693 0.07692307692307693 0.38461538461538464 0.38461538461538464 0.07692307692307693 
0.5124528301886793 0.020377358490566037 0.3283018867924528 0.02339622641509434 0.11547169811320755 
4.3649061545176777E-4 1.4549687181725592E-4 0.8844754837770988 0.005383384257238469 0.10955914447839371 
0.0029850746268656717 0.7074626865671642 0.0029850746268656717 0.008955223880597015 0.27761194029850744 
0.001571503404924044 0.00995285489785228 0.001571503404924044 0.9465688842325825 0.04033525405971713 
6.406149903907751E-4 0.05957719410634209 0.004484304932735426 0.8001281229980781 0.13516976297245356 
0.018742190753852563 0.7442732194918784 0.0012494793835901709 0.007913369429404415 0.22782174094127447 
0.0069138906348208675 0.030798240100565682 0.018227529855436832 0.5989943431803897 0.3450659962287869 
0.00411522633744856 0.00411522633744856 0.00411522633744856 0.00411522633744856 0.9835390946502057 
0.006012024048096192 0.05811623246492986 0.035404141616566465 0.008684034736138945 0.8917835671342685 
0.03063308373042886 0.02654867256637168 6.807351940095302E-4 0.02110279101429544 0.9210347174948945 
0.02293379489398529 0.7550843790566855 0.01947209000432713 4.3271311120726956E-4 0.2020770229337949 
0.6925515055467512 0.18225039619651348 0.02377179080824089 0.017432646592709985 0.08399366085578447 
0.6392496392496393 0.07455507455507455 0.021645021645021644 0.034151034151034154 0.2303992303992304 
0.6574780058651026 0.0967741935483871 5.865102639296188E-4 0.002932551319648094 0.24222873900293254 
0.7037037037037037 0.037037037037037035 0.037037037037037035 0.18518518518518517 0.037037037037037035 
0.0013531799729364006 0.5480378890392422 0.10148849797023005 0.07713125845737483 0.2719891745602165 
0.7037037037037037 0.037037037037037035 0.037037037037037035 0.18518518518518517 0.037037037037037035 
0.018998272884283247 0.5060449050086355 0.07772020725388601 0.012089810017271158 0.385146804835924 
