0.0028873917228103944 0.809432146294514 0.18190567853705486 0.0028873917228103944 0.0028873917228103944 
0.07692307692307693 0.6923076923076923 0.07692307692307693 0.07692307692307693 0.07692307692307693 
0.16445830085736554 0.12860483242400625 0.005455962587685113 0.6586126266562744 0.042868277474668745 
1.4634860237084735E-4 0.12103029416069076 0.007171081516171521 0.8697497438899459 0.0019025318308210156 
0.021538461538461538 0.14461538461538462 0.009230769230769232 0.015384615384615385 0.8092307692307692 
5.379236148466917E-4 0.023130715438407747 0.9591178052716515 0.004841312533620226 0.01237224314147391 
6.583278472679394E-4 0.13100724160631994 0.8183015141540487 6.583278472679394E-4 0.04937458854509546 
0.014157014157014158 0.13685113685113684 0.001287001287001287 0.001287001287001287 0.8464178464178465 
0.0018999366687777073 0.37808739708676375 0.6073464217859404 0.0018999366687777073 0.010766307789740342 
0.0041841004184100415 0.9497907949790795 0.012552301255230125 0.02092050209205021 0.012552301255230125 
6.752194463200541E-4 0.8555030384875084 0.008777852802160702 0.02633355840648211 0.1087103308575287 
6.93000693000693E-4 0.8877338877338877 0.009009009009009009 0.010395010395010396 0.09216909216909216 
4.44247001332741E-4 0.19147045757441136 0.002221235006663705 0.003998223011994669 0.8018658374055975 
0.789983844911147 0.12762520193861066 0.024232633279483037 0.0016155088852988692 0.05654281098546042 
0.6872868972235753 0.23818801753531418 0.01607403799318071 0.017048222113979543 0.04140282513395031 
0.7047220561864913 0.17513448894202033 0.0017931858936043037 0.0017931858936043037 0.11655708308427974 
0.7777777777777778 0.1111111111111111 0.037037037037037035 0.037037037037037035 0.037037037037037035 
0.004137931034482759 0.2496551724137931 0.04551724137931035 0.0896551724137931 0.6110344827586207 
0.7037037037037037 0.037037037037037035 0.037037037037037035 0.18518518518518517 0.037037037037037035 
0.005272407732864675 0.40597539543058 0.008787346221441126 0.022847100175746926 0.5571177504393673 
