9.624639076034649E-4 0.4937439846005775 0.49951876804619827 0.004812319538017324 9.624639076034649E-4 
0.07692307692307693 0.23076923076923078 0.38461538461538464 0.23076923076923078 0.07692307692307693 
0.09586905689789556 0.5074045206547155 7.79423226812159E-4 0.38893219017926733 0.007014809041309431 
1.4634860237084735E-4 0.0967364261671301 0.006585687106688131 0.8960924923166984 4.3904580711254205E-4 
0.003076923076923077 0.26153846153846155 0.033846153846153845 0.009230769230769232 0.6923076923076923 
0.0037654653039268424 0.028509951586874662 0.9644970414201184 5.379236148466917E-4 0.0026896180742334587 
0.005924950625411455 0.1217906517445688 0.8011849901250823 6.583278472679394E-4 0.07044107965766952 
0.005577005577005577 0.148005148005148 0.008151008151008152 0.003861003861003861 0.8344058344058344 
0.006966434452184927 0.24255858138062064 0.7048765041165295 0.02089930335655478 0.024699176694110196 
0.0041841004184100415 0.9497907949790795 0.0041841004184100415 0.012552301255230125 0.029288702928870293 
0.008777852802160702 0.8757596218771101 0.00337609723160027 0.03173531397704254 0.08035111411208642 
0.006237006237006237 0.9057519057519058 0.01178101178101178 0.01178101178101178 0.06444906444906445 
0.003109729009329187 0.19946690359840072 0.01821412705464238 0.019991115059973346 0.7592181252776544 
0.8319870759289176 0.04038772213247173 0.004846526655896607 0.017770597738287562 0.1050080775444265 
0.648319532391622 0.2323429128105212 0.046273745737944474 0.030686799805163176 0.042377009254749146 
0.7417812313209803 0.19067543335325762 5.977286312014345E-4 0.0017931858936043037 0.06515242080095636 
0.7777777777777778 0.037037037037037035 0.1111111111111111 0.037037037037037035 0.037037037037037035 
0.001379310344827586 0.2496551724137931 0.06206896551724138 0.08137931034482758 0.6055172413793104 
0.6296296296296297 0.1111111111111111 0.1111111111111111 0.037037037037037035 0.1111111111111111 
0.040421792618629174 0.3954305799648506 0.005272407732864675 0.061511423550087874 0.4973637961335677 
