9.587727708533077E-4 9.587727708533077E-4 9.587727708533077E-4 0.2348993288590604 0.7622243528283796 
0.07692307692307693 0.07692307692307693 0.07692307692307693 0.07692307692307693 0.6923076923076923 
0.2588679245283019 0.06264150943396227 0.5290566037735849 0.012830188679245283 0.13660377358490566 
4.3649061545176777E-4 0.0033464280517968865 0.8763276589553325 0.012367234104466754 0.10752218827295214 
0.014925373134328358 0.7014925373134329 0.0029850746268656717 0.008955223880597015 0.2716417910447761 
5.238344683080147E-4 0.001571503404924044 0.003666841278156103 0.9706652697747512 0.02357255107386066 
0.004484304932735426 0.042921204356181936 6.406149903907751E-4 0.7655349135169763 0.18641896220371557 
0.0012494793835901709 0.7517700957934194 0.006247396917950854 0.012078300708038317 0.22865472719700125 
6.285355122564425E-4 0.044626021370207415 6.285355122564425E-4 0.6090509113764928 0.3450659962287869 
0.00411522633744856 0.00411522633744856 0.00411522633744856 0.02880658436213992 0.9588477366255144 
0.012692050768203072 0.07014028056112225 0.007348029392117568 0.006012024048096192 0.9038076152304609 
0.037440435670524165 0.03063308373042886 0.004765146358066712 0.015656909462219197 0.911504424778761 
0.004759844223279966 0.7490263954997837 0.023799221116399826 0.005625270445694505 0.21678926871484205 
0.8288431061806656 0.0554675118858954 0.017432646592709985 0.001584786053882726 0.09667194928684628 
0.6921596921596922 0.046657046657046654 0.012987012987012988 0.02934102934102934 0.21885521885521886 
0.7149560117302053 0.06158357771260997 5.865102639296188E-4 5.865102639296188E-4 0.22228739002932552 
0.037037037037037035 0.037037037037037035 0.18518518518518517 0.7037037037037037 0.037037037037037035 
0.009472259810554804 0.5751014884979703 0.08795669824086604 0.036535859269282815 0.29093369418132614 
0.037037037037037035 0.037037037037037035 0.1111111111111111 0.7037037037037037 0.1111111111111111 
0.0051813471502590676 0.5440414507772021 0.05699481865284974 0.008635578583765112 0.385146804835924 
