9.587727708533077E-4 0.27708533077660596 0.6970278044103547 0.004793863854266539 0.020134228187919462 
0.07692307692307693 0.23076923076923078 0.5384615384615384 0.07692307692307693 0.07692307692307693 
0.5652830188679245 0.00830188679245283 0.08830188679245284 0.3041509433962264 0.033962264150943396 
0.004801396769969445 0.0036374217954313983 0.08191473883311509 0.9068820020369562 0.0027644405645278628 
0.008955223880597015 0.0029850746268656717 0.23582089552238805 0.014925373134328358 0.7373134328358208 
0.001571503404924044 0.965426925091671 0.021477213200628602 5.238344683080147E-4 0.011000523834468309 
6.406149903907751E-4 0.8436899423446509 0.1262011531069827 6.406149903907751E-4 0.028827674567584883 
0.009579341940857976 0.013744273219491879 0.15868388171595169 0.013744273219491879 0.8042482299042066 
6.285355122564425E-4 0.6002514142049026 0.34255185417976114 6.285355122564425E-4 0.05593966059082338 
0.00411522633744856 0.00411522633744856 0.9670781893004116 0.00411522633744856 0.0205761316872428 
0.0033400133600534404 0.011356045424181697 0.8744154976619907 0.02738810955243821 0.08350033400133601 
0.033356024506466984 0.0224642614023145 0.9006126616746086 0.004765146358066712 0.03880190605854323 
0.014279532669839896 0.010817827780181739 0.18130679359584595 0.033318909562959756 0.7602769363911727 
0.7876386687797148 0.001584786053882726 0.058637083993660855 0.020602218700475437 0.13153724247226625 
0.6363636363636364 0.04280904280904281 0.2775372775372775 0.006253006253006253 0.037037037037037035 
0.7173020527859237 5.865102639296188E-4 0.18475073313782991 0.011143695014662757 0.08621700879765395 
0.5555555555555556 0.18518518518518517 0.18518518518518517 0.037037037037037035 0.037037037037037035 
0.0013531799729364006 0.08525033829499323 0.3044654939106901 0.07442489851150202 0.5345060893098782 
0.5555555555555556 0.18518518518518517 0.1111111111111111 0.037037037037037035 0.1111111111111111 
0.008635578583765112 0.0017271157167530224 0.3609671848013817 0.06390328151986183 0.5647668393782384 
