0.004991680532445923 0.004991680532445923 0.9866888519134775 0.0016638935108153079 0.0016638935108153079 
0.004991680532445923 0.0016638935108153079 0.9866888519134775 0.004991680532445923 0.0016638935108153079 
0.005649717514124294 0.0018832391713747645 0.9887005649717514 0.0018832391713747645 0.0018832391713747645 
0.0018832391713747645 0.0018832391713747645 0.992467043314501 0.0018832391713747645 0.0018832391713747645 
0.9177602799650044 0.004374453193350831 0.013123359580052493 0.05336832895888014 0.011373578302712161 
0.8644667059516794 0.012374779021803181 0.03241013553329405 0.08898055391868002 0.0017678255745433118 
8.216926869350862E-4 8.216926869350862E-4 8.216926869350862E-4 8.216926869350862E-4 0.9967132292522597 
0.002028397565922921 6.76132521974307E-4 6.76132521974307E-4 0.002028397565922921 0.9945909398242055 
0.002144388849177984 7.147962830593281E-4 7.147962830593281E-4 7.147962830593281E-4 0.995711222301644 
8.396305625524769E-4 8.396305625524769E-4 0.0025188916876574307 0.0025188916876574307 0.9932829554995802 
7.698229407236335E-4 7.698229407236335E-4 0.0023094688221709007 7.698229407236335E-4 0.9953810623556582 
8.216926869350862E-4 8.216926869350862E-4 8.216926869350862E-4 8.216926869350862E-4 0.9967132292522597 
0.033707865168539325 0.8399165990964902 0.020966060465655044 0.03834124869686088 0.06706822657245454 
7.147962830593281E-4 7.147962830593281E-4 7.147962830593281E-4 7.147962830593281E-4 0.9971408148677627 
7.168458781362007E-4 7.168458781362007E-4 7.168458781362007E-4 7.168458781362007E-4 0.9971326164874552 
9.718172983479105E-4 9.718172983479105E-4 9.718172983479105E-4 9.718172983479105E-4 0.9961127308066083 
0.1831340465701699 0.6702328508495909 0.005663939584644431 0.10258023914411579 0.03838892385147892 
0.008962868117797696 0.0012804097311139564 0.011523687580025609 0.8079385403329066 0.1702944942381562 
0.04027486161481199 0.06966978430998282 0.6972704714640199 0.1922122542469937 5.726283641916397E-4 
0.14363143631436315 0.0027100271002710027 0.018970189701897018 0.8265582655826558 0.008130081300813009 
0.5359157578036856 3.76081233546446E-4 0.06957502820609252 0.3899962391876645 0.004136893569010906 
0.28216704288939054 0.0654627539503386 0.44469525959367945 0.2054176072234763 0.002257336343115124 
7.91765637371338E-4 7.91765637371338E-4 7.91765637371338E-4 7.91765637371338E-4 0.9968329374505146 
7.077140835102619E-4 7.077140835102619E-4 0.014861995753715499 7.077140835102619E-4 0.9830148619957537 
9.718172983479105E-4 9.718172983479105E-4 0.0029154518950437317 9.718172983479105E-4 0.9941690962099126 
0.006470165348670022 7.189072609633358E-4 0.006470165348670022 0.006470165348670022 0.9798705966930266 
7.189072609633358E-4 0.002156721782890007 7.189072609633358E-4 7.189072609633358E-4 0.99568655643422 
0.8395989974937343 8.35421888053467E-4 0.05764411027568922 0.1010860484544695 8.35421888053467E-4 
0.13588242620500685 0.007099265163781293 0.019554116328309876 0.8341013824884793 0.0033628098144227177 
0.824773413897281 0.0030211480362537764 0.0030211480362537764 0.16012084592145015 0.00906344410876133 
