0.006711409395973154 0.14669223394055608 0.8389261744966443 0.006711409395973154 9.587727708533077E-4 
0.07692307692307693 0.07692307692307693 0.6923076923076923 0.07692307692307693 0.07692307692307693 
0.539622641509434 7.547169811320754E-4 0.047547169811320754 0.35094339622641507 0.06113207547169811 
4.3649061545176777E-4 0.0050923905136039576 0.10519423832387603 0.8888403899316165 4.3649061545176777E-4 
0.0029850746268656717 0.020895522388059702 0.35522388059701493 0.04477611940298507 0.5761194029850746 
5.238344683080147E-4 0.9549502357255107 0.03300157150340492 0.001571503404924044 0.00995285489785228 
0.005765534913516977 0.8321588725176169 0.0954516335682255 0.03267136450992953 0.033952594490711085 
0.007913369429404415 0.015410245730945439 0.17451062057476052 0.0020824656393169513 0.8000832986255727 
0.0031426775612822125 0.6656191074795726 0.27592708988057824 0.01697045883092395 0.03834066624764299 
0.00411522633744856 0.00411522633744856 0.9835390946502057 0.00411522633744856 0.00411522633744856 
0.014028056112224449 0.006012024048096192 0.8557114228456913 0.018036072144288578 0.1062124248496994 
0.014295439074200136 0.004765146358066712 0.8992511912865895 0.004765146358066712 0.07692307692307693 
0.003028991778450887 0.010817827780181739 0.1709216789268715 0.023799221116399826 0.7914322803980961 
0.8541996830427893 0.0554675118858954 0.07765451664025357 0.001584786053882726 0.011093502377179081 
0.6546416546416547 4.81000481000481E-4 0.2534872534872535 0.016835016835016835 0.07455507455507455 
0.7008797653958945 5.865102639296188E-4 0.1624633431085044 0.0017595307917888563 0.1343108504398827 
0.5555555555555556 0.25925925925925924 0.1111111111111111 0.037037037037037035 0.037037037037037035 
0.006765899864682003 0.06359945872801083 0.3017591339648173 0.10419485791610285 0.523680649526387 
0.48148148148148145 0.4074074074074074 0.037037037037037035 0.037037037037037035 0.037037037037037035 
0.0017271157167530224 0.022452504317789293 0.47150259067357514 0.09153713298791019 0.41278065630397237 
