0.0028873917228103944 0.6900866217516843 0.287776708373436 0.01828681424446583 9.624639076034649E-4 
0.23076923076923078 0.5384615384615384 0.07692307692307693 0.07692307692307693 0.07692307692307693 
0.2112236944660951 0.11457521434138737 0.007014809041309431 0.6352299298519096 0.03195635229929852 
4.3904580711254205E-4 0.06629591687399386 0.013025025611005416 0.9101419581442998 0.010098053563588468 
0.003076923076923077 0.4338461538461538 0.003076923076923077 0.009230769230769232 0.5507692307692308 
5.379236148466917E-4 0.029585798816568046 0.9601936525013448 5.379236148466917E-4 0.00914470145239376 
6.583278472679394E-4 0.10204081632653061 0.8327847267939433 0.004608294930875576 0.059907834101382486 
0.009009009009009009 0.20634920634920634 0.004719004719004719 0.013299013299013299 0.7666237666237666 
0.005699810006333122 0.2640911969601013 0.6934768841038632 0.0018999366687777073 0.03483217226092464 
0.0041841004184100415 0.9748953974895398 0.0041841004184100415 0.0041841004184100415 0.012552301255230125 
0.00337609723160027 0.8609047940580689 0.004726536124240378 0.02633355840648211 0.10465901417960838 
0.007623007623007623 0.957033957033957 0.003465003465003465 0.013167013167013167 0.018711018711018712 
4.44247001332741E-4 0.23322967569968903 0.0013327410039982231 0.037760995113282986 0.727232341181697 
0.7738287560581584 0.10823909531502424 0.04038772213247173 0.03715670436187399 0.04038772213247173 
0.6804676083779835 0.2294203604481247 0.04140282513395031 0.01607403799318071 0.03263516804676084 
0.7178720860729229 0.18469814704124327 5.977286312014345E-4 5.977286312014345E-4 0.09623430962343096 
0.6296296296296297 0.037037037037037035 0.18518518518518517 0.1111111111111111 0.037037037037037035 
0.004137931034482759 0.4096551724137931 0.1006896551724138 0.006896551724137931 0.4786206896551724 
0.6296296296296297 0.037037037037037035 0.25925925925925924 0.037037037037037035 0.037037037037037035 
0.0017574692442882249 0.5114235500878734 0.019332161687170474 0.03690685413005272 0.4305799648506151 
