0.0028763183125599234 0.186960690316395 0.7909875359539789 0.00862895493767977 0.010546500479386385 
0.07692307692307693 0.07692307692307693 0.6923076923076923 0.07692307692307693 0.07692307692307693 
0.5788679245283019 7.547169811320754E-4 0.05358490566037736 0.3222641509433962 0.04452830188679245 
4.3649061545176777E-4 0.00392841553906591 0.06620107667685145 0.9159028080896261 0.013531209079004802 
0.0029850746268656717 0.0029850746268656717 0.27761194029850744 0.0029850746268656717 0.7134328358208956 
5.238344683080147E-4 0.9518072289156626 0.044525929806181246 5.238344683080147E-4 0.0026191723415400735 
0.007046764894298526 0.8001281229980781 0.13516976297245356 0.008327994875080076 0.04932735426008968 
0.008746355685131196 0.007080383173677634 0.15285297792586422 0.0020824656393169513 0.82923781757601 
0.0018856065367693275 0.5977372721558768 0.35260842237586426 0.011942174732872407 0.035826524198617225 
0.00411522633744856 0.00411522633744856 0.9753086419753086 0.012345679012345678 0.00411522633744856 
0.03406813627254509 0.007348029392117568 0.832999331997328 0.020708082832331328 0.10487641950567803 
0.02518720217835262 6.807351940095302E-4 0.8951667801225324 0.008849557522123894 0.07011572498298162 
0.010817827780181739 4.3271311120726956E-4 0.19082648204240588 0.025530073561228904 0.7723929035049762 
0.8003169572107766 0.014263074484944533 0.061806656101426306 0.02377179080824089 0.09984152139461172 
0.6883116883116883 0.006253006253006253 0.2053872053872054 0.013949013949013949 0.0860990860990861 
0.7161290322580646 0.0017595307917888563 0.16011730205278593 0.0017595307917888563 0.12023460410557185 
0.7777777777777778 0.1111111111111111 0.037037037037037035 0.037037037037037035 0.037037037037037035 
0.0040595399188092015 0.06359945872801083 0.29905277401894453 0.10960757780784844 0.523680649526387 
0.5555555555555556 0.3333333333333333 0.037037037037037035 0.037037037037037035 0.037037037037037035 
0.0017271157167530224 0.0017271157167530224 0.38169257340241797 0.06390328151986183 0.5509499136442142 
