0.0016638935108153079 0.0016638935108153079 0.9933444259567388 0.0016638935108153079 0.0016638935108153079 
0.0016638935108153079 0.0016638935108153079 0.9933444259567388 0.0016638935108153079 0.0016638935108153079 
0.005649717514124294 0.0018832391713747645 0.9887005649717514 0.0018832391713747645 0.0018832391713747645 
0.0018832391713747645 0.0018832391713747645 0.992467043314501 0.0018832391713747645 0.0018832391713747645 
0.9352580927384077 0.007874015748031496 0.013123359580052493 0.03237095363079615 0.011373578302712161 
0.869180907483795 0.00648202710665881 0.03241013553329405 0.08898055391868002 0.0029463759575721863 
0.004108463434675432 8.216926869350862E-4 8.216926869350862E-4 8.216926869350862E-4 0.9934264585045193 
0.002028397565922921 6.76132521974307E-4 6.76132521974307E-4 6.76132521974307E-4 0.9959432048681541 
7.147962830593281E-4 7.147962830593281E-4 7.147962830593281E-4 7.147962830593281E-4 0.9971408148677627 
0.0025188916876574307 8.396305625524769E-4 0.0025188916876574307 8.396305625524769E-4 0.9932829554995802 
0.005388760585065435 7.698229407236335E-4 7.698229407236335E-4 7.698229407236335E-4 0.9923017705927637 
0.0024650780608052587 0.0024650780608052587 8.216926869350862E-4 8.216926869350862E-4 0.9934264585045193 
0.046218000695007526 0.8190663732190432 0.04482798563651106 0.023977759759064056 0.06590988069037415 
7.147962830593281E-4 7.147962830593281E-4 7.147962830593281E-4 0.002144388849177984 0.995711222301644 
7.168458781362007E-4 0.002150537634408602 7.168458781362007E-4 7.168458781362007E-4 0.9956989247311828 
9.718172983479105E-4 9.718172983479105E-4 9.718172983479105E-4 9.718172983479105E-4 0.9961127308066083 
0.21334172435494023 0.6639395846444305 0.0144745122718691 0.08747640025173065 0.02076777847702958 
0.008962868117797696 0.0012804097311139564 0.0038412291933418692 0.8796414852752881 0.10627400768245839 
0.052109181141439205 0.056308455812177895 0.7094865432334415 0.1819049436915442 1.908761213972132E-4 
0.13821138211382114 0.0027100271002710027 0.0027100271002710027 0.7940379403794038 0.06233062330623306 
0.5366679202707785 3.76081233546446E-4 0.11771342610003761 0.344866491162091 3.76081233546446E-4 
0.2565838976674191 0.07148231753197894 0.4958615500376223 0.16930022573363432 0.006772009029345372 
7.91765637371338E-4 0.0023752969121140144 0.0023752969121140144 0.0023752969121140144 0.9920823436262867 
7.077140835102619E-4 0.004953998584571833 0.004953998584571833 0.01627742392073602 0.97310686482661 
9.718172983479105E-4 0.0029154518950437317 9.718172983479105E-4 0.0029154518950437317 0.9922254616132167 
0.0035945363048166786 0.0035945363048166786 7.189072609633358E-4 0.0035945363048166786 0.9884974838245866 
7.189072609633358E-4 7.189072609633358E-4 7.189072609633358E-4 0.002156721782890007 0.99568655643422 
0.8095238095238095 0.004177109440267335 0.11946532999164577 0.06265664160401002 0.004177109440267335 
0.16328309876696973 0.00660107111720015 0.019554116328309876 0.8067007099265163 0.003861003861003861 
0.8972809667673716 0.015105740181268883 0.021148036253776436 0.0513595166163142 0.015105740181268883 
