0.0016638935108153079 0.0016638935108153079 0.9933444259567388 0.0016638935108153079 0.0016638935108153079 
0.011647254575707155 0.004991680532445923 0.9800332778702163 0.0016638935108153079 0.0016638935108153079 
0.005649717514124294 0.0018832391713747645 0.9887005649717514 0.0018832391713747645 0.0018832391713747645 
0.0018832391713747645 0.0018832391713747645 0.992467043314501 0.0018832391713747645 0.0018832391713747645 
0.937007874015748 0.01837270341207349 0.02537182852143482 0.004374453193350831 0.014873140857392825 
0.8750736593989393 0.005303476723629935 0.031231585150265175 0.07365939893930465 0.01473187978786093 
0.0024650780608052587 8.216926869350862E-4 8.216926869350862E-4 0.0024650780608052587 0.9934264585045193 
6.76132521974307E-4 6.76132521974307E-4 0.002028397565922921 0.004732927653820149 0.9918864097363083 
0.002144388849177984 7.147962830593281E-4 7.147962830593281E-4 7.147962830593281E-4 0.995711222301644 
0.0025188916876574307 0.0041981528127623844 8.396305625524769E-4 0.0025188916876574307 0.9899244332493703 
7.698229407236335E-4 7.698229407236335E-4 0.0023094688221709007 7.698229407236335E-4 0.9953810623556582 
8.216926869350862E-4 0.0024650780608052587 8.216926869350862E-4 8.216926869350862E-4 0.9950698438783895 
0.02884281246380169 0.8503417120352137 0.023977759759064056 0.031854511757210706 0.06498320398470983 
7.147962830593281E-4 7.147962830593281E-4 7.147962830593281E-4 0.002144388849177984 0.995711222301644 
0.0035842293906810036 7.168458781362007E-4 7.168458781362007E-4 7.168458781362007E-4 0.9942652329749104 
9.718172983479105E-4 9.718172983479105E-4 9.718172983479105E-4 9.718172983479105E-4 0.9961127308066083 
0.20201384518565135 0.6702328508495909 6.293266205160479E-4 0.09251101321585903 0.034612964128382634 
0.0038412291933418692 0.0012804097311139564 0.029449423815621 0.795134443021767 0.1702944942381562 
0.05363619011261691 0.08570337850734873 0.6778011070815041 0.18114143920595532 0.0017178850925749188 
0.16531165311653118 0.0027100271002710027 0.008130081300813009 0.7398373983739838 0.08401084010840108 
0.6276795787890185 0.007145543437382475 0.03948852952237683 0.3080105302745393 0.017675817976682964 
0.3122648607975922 0.0835214446952596 0.41911211437170803 0.17682468021068473 0.008276899924755455 
7.91765637371338E-4 7.91765637371338E-4 0.0023752969121140144 0.00395882818685669 0.9920823436262867 
0.0021231422505307855 7.077140835102619E-4 0.009200283085633405 0.014861995753715499 0.97310686482661 
9.718172983479105E-4 0.0029154518950437317 9.718172983479105E-4 9.718172983479105E-4 0.9941690962099126 
0.006470165348670022 7.189072609633358E-4 7.189072609633358E-4 0.006470165348670022 0.9856218547807333 
7.189072609633358E-4 0.009345794392523364 7.189072609633358E-4 0.0035945363048166786 0.9856218547807333 
0.8446115288220551 8.35421888053467E-4 0.02756892230576441 0.1261487050960735 8.35421888053467E-4 
0.14235894881056171 0.009092041350105867 1.2454851164528583E-4 0.8398306140241624 0.008593847303524723 
0.8489425981873112 0.0030211480362537764 0.00906344410876133 0.12386706948640483 0.015105740181268883 
