0.0016638935108153079 0.004991680532445923 0.9900166389351082 0.0016638935108153079 0.0016638935108153079 
0.0016638935108153079 0.004991680532445923 0.9900166389351082 0.0016638935108153079 0.0016638935108153079 
0.0018832391713747645 0.0018832391713747645 0.9887005649717514 0.005649717514124294 0.0018832391713747645 
0.0018832391713747645 0.0018832391713747645 0.992467043314501 0.0018832391713747645 0.0018832391713747645 
0.9877515310586177 8.748906386701663E-4 0.006124234470691163 0.004374453193350831 8.748906386701663E-4 
0.8986446670595168 0.0041249263406010605 0.019446081319976428 0.06423099587507367 0.013553329404832056 
8.216926869350862E-4 0.004108463434675432 8.216926869350862E-4 8.216926869350862E-4 0.9934264585045193 
0.002028397565922921 6.76132521974307E-4 0.002028397565922921 0.002028397565922921 0.993238674780257 
7.147962830593281E-4 7.147962830593281E-4 0.002144388849177984 7.147962830593281E-4 0.995711222301644 
8.396305625524769E-4 0.0041981528127623844 8.396305625524769E-4 8.396305625524769E-4 0.9932829554995802 
7.698229407236335E-4 7.698229407236335E-4 7.698229407236335E-4 7.698229407236335E-4 0.9969207082371054 
8.216926869350862E-4 8.216926869350862E-4 8.216926869350862E-4 8.216926869350862E-4 0.9967132292522597 
0.04042627128460558 0.818603034866211 0.030927835051546393 0.04297463222518244 0.06706822657245454 
7.147962830593281E-4 7.147962830593281E-4 7.147962830593281E-4 7.147962830593281E-4 0.9971408148677627 
7.168458781362007E-4 7.168458781362007E-4 7.168458781362007E-4 7.168458781362007E-4 0.9971326164874552 
9.718172983479105E-4 9.718172983479105E-4 9.718172983479105E-4 9.718172983479105E-4 0.9961127308066083 
0.20075519194461927 0.645059786028949 0.008181246066708621 0.11390811831340465 0.032095657646318436 
0.014084507042253521 0.0038412291933418692 0.006402048655569782 0.8412291933418694 0.13444302176696543 
0.07730482916587135 0.061652987211299866 0.6972704714640199 0.16319908379461728 5.726283641916397E-4 
0.18157181571815717 0.0027100271002710027 0.008130081300813009 0.7886178861788617 0.018970189701897018 
0.5644979315532155 0.004136893569010906 0.09364422715306506 0.33358405415569764 0.004136893569010906 
0.3724604966139955 0.056433408577878104 0.42061700526711815 0.14973664409330323 7.524454477050414E-4 
7.91765637371338E-4 0.0023752969121140144 7.91765637371338E-4 7.91765637371338E-4 0.995249406175772 
0.0021231422505307855 7.077140835102619E-4 0.003538570417551309 0.0021231422505307855 0.9915074309978769 
9.718172983479105E-4 9.718172983479105E-4 9.718172983479105E-4 9.718172983479105E-4 0.9961127308066083 
7.189072609633358E-4 0.0035945363048166786 0.0035945363048166786 0.013659237958303379 0.9784327821711 
7.189072609633358E-4 0.0035945363048166786 7.189072609633358E-4 7.189072609633358E-4 0.9942487419122933 
0.8529657477025898 8.35421888053467E-4 0.055973266499582286 0.08939014202172096 8.35421888053467E-4 
0.15879935234773945 8.718395815170009E-4 0.019305019305019305 0.8176609789513015 0.0033628098144227177 
0.8670694864048338 0.0513595166163142 0.0030211480362537764 0.021148036253776436 0.05740181268882175 
