0.010546500479386385 0.2464046021093001 0.7296260786193672 0.00862895493767977 0.004793863854266539 
0.07692307692307693 0.07692307692307693 0.6923076923076923 0.07692307692307693 0.07692307692307693 
0.5592452830188679 0.0037735849056603774 0.046037735849056606 0.3222641509433962 0.06867924528301887 
1.4549687181725592E-4 0.011203259129928707 0.09239051360395752 0.8920413211115961 0.004219409282700422 
0.0029850746268656717 0.008955223880597015 0.25970149253731345 0.03283582089552239 0.6955223880597015 
0.001571503404924044 0.9570455735987428 0.03509690937663698 5.238344683080147E-4 0.005762179151388162 
0.004484304932735426 0.8449711723254324 0.0877642536835362 0.012171684817424727 0.05060858424087124 
0.0012494793835901709 0.017076218242399 0.19450229071220324 4.1649312786339027E-4 0.7867555185339442 
0.018227529855436832 0.6027655562539284 0.31489629164047767 0.03331238214959145 0.030798240100565682 
0.00411522633744856 0.00411522633744856 0.9753086419753086 0.012345679012345678 0.00411522633744856 
6.680026720106881E-4 0.002004008016032064 0.9225116900467601 0.016700066800267203 0.05811623246492986 
0.019741320626276378 6.807351940095302E-4 0.9169503063308373 0.0034036759700476512 0.05922396187882913 
0.013414106447425357 0.009086975335352661 0.20121159671138036 0.010817827780181739 0.7654694937256599 
0.7210776545166403 0.02377179080824089 0.1949286846275753 0.00792393026941363 0.05229793977812995 
0.6315536315536315 0.01875901875901876 0.26406926406926406 0.012987012987012988 0.07263107263107263 
0.7067448680351907 0.00997067448680352 0.19648093841642228 5.865102639296188E-4 0.08621700879765395 
0.7037037037037037 0.1111111111111111 0.037037037037037035 0.037037037037037035 0.1111111111111111 
0.0013531799729364006 0.058186738836265225 0.29093369418132614 0.08254397834912043 0.5669824086603519 
0.7777777777777778 0.037037037037037035 0.1111111111111111 0.037037037037037035 0.037037037037037035 
0.012089810017271158 0.03626943005181347 0.39896373056994816 0.03281519861830743 0.5198618307426598 
