0.0016638935108153079 0.0016638935108153079 0.9933444259567388 0.0016638935108153079 0.0016638935108153079 
0.0016638935108153079 0.0016638935108153079 0.9933444259567388 0.0016638935108153079 0.0016638935108153079 
0.0018832391713747645 0.0018832391713747645 0.992467043314501 0.0018832391713747645 0.0018832391713747645 
0.0018832391713747645 0.0018832391713747645 0.992467043314501 0.0018832391713747645 0.0018832391713747645 
0.952755905511811 0.01837270341207349 0.011373578302712161 0.0026246719160104987 0.014873140857392825 
0.8609310548025928 0.019446081319976428 0.04890984089569829 0.06776664702416028 0.0029463759575721863 
8.216926869350862E-4 8.216926869350862E-4 8.216926869350862E-4 0.0024650780608052587 0.9950698438783895 
6.76132521974307E-4 6.76132521974307E-4 0.002028397565922921 0.002028397565922921 0.9945909398242055 
0.0035739814152966403 7.147962830593281E-4 7.147962830593281E-4 7.147962830593281E-4 0.9942816297355254 
8.396305625524769E-4 0.0025188916876574307 8.396305625524769E-4 8.396305625524769E-4 0.9949622166246851 
7.698229407236335E-4 0.0023094688221709007 7.698229407236335E-4 7.698229407236335E-4 0.9953810623556582 
8.216926869350862E-4 8.216926869350862E-4 8.216926869350862E-4 8.216926869350862E-4 0.9967132292522597 
0.03440287269778756 0.8292598169813507 0.03254951928645894 0.03556121857986795 0.06822657245453492 
7.147962830593281E-4 7.147962830593281E-4 7.147962830593281E-4 7.147962830593281E-4 0.9971408148677627 
0.0035842293906810036 0.0035842293906810036 7.168458781362007E-4 0.002150537634408602 0.9899641577060931 
9.718172983479105E-4 9.718172983479105E-4 9.718172983479105E-4 9.718172983479105E-4 0.9961127308066083 
0.20830711139081184 0.6488357457520453 6.293266205160479E-4 0.09125235997482693 0.050975456261799876 
0.024327784891165175 0.014084507042253521 0.0012804097311139564 0.8233034571062741 0.13700384122919335 
0.034166825730101165 0.0925749188776484 0.6968887192212254 0.1750334033212445 0.0013361328497804924 
0.12737127371273713 0.0027100271002710027 0.008130081300813009 0.8211382113821138 0.04065040650406504 
0.5336592704024069 0.0026325686348251222 0.09364422715306506 0.36818352764197065 0.00188040616773223 
0.24755455229495862 0.14672686230248308 0.43717080511662904 0.16779533483822423 7.524454477050414E-4 
7.91765637371338E-4 0.0023752969121140144 0.0023752969121140144 0.00395882818685669 0.9904988123515439 
0.010615711252653927 7.077140835102619E-4 0.006369426751592357 0.004953998584571833 0.9773531493276716 
9.718172983479105E-4 9.718172983479105E-4 9.718172983479105E-4 9.718172983479105E-4 0.9961127308066083 
0.002156721782890007 7.189072609633358E-4 0.009345794392523364 0.010783608914450037 0.9769949676491733 
7.189072609633358E-4 7.189072609633358E-4 7.189072609633358E-4 7.189072609633358E-4 0.9971243709561467 
0.8279030910609858 8.35421888053467E-4 0.1010860484544695 0.06766917293233082 0.002506265664160401 
0.1169510524349234 0.012081205629592726 0.010337526466558725 0.852285465188691 0.008344750280234152 
0.9335347432024169 0.021148036253776436 0.021148036253776436 0.021148036253776436 0.0030211480362537764 
