9.587727708533077E-4 0.014381591562799617 9.587727708533077E-4 0.2981783317353787 0.6855225311601151 
0.23076923076923078 0.07692307692307693 0.07692307692307693 0.07692307692307693 0.5384615384615384 
0.18641509433962264 0.08226415094339623 0.6664150943396226 7.547169811320754E-4 0.06415094339622641 
0.0010184781027207915 0.002473446820893351 0.8932052960861342 0.015859159028080896 0.08744361996217082 
0.008955223880597015 0.6238805970149254 0.0029850746268656717 0.0029850746268656717 0.3611940298507463 
5.238344683080147E-4 0.012048192771084338 5.238344683080147E-4 0.9549502357255107 0.03195390256678889 
6.406149903907751E-4 0.03651505445227418 0.009609224855861628 0.8308776425368354 0.12235746316463805 
0.005414410662224073 0.8242399000416493 4.1649312786339027E-4 4.1649312786339027E-4 0.16951270304039984 
0.0018856065367693275 0.018227529855436832 0.011942174732872407 0.6517913262099309 0.31615336266499056 
0.00411522633744856 0.012345679012345678 0.00411522633744856 0.00411522633744856 0.9753086419753086 
0.012692050768203072 0.0781563126252505 0.028724114896459586 6.680026720106881E-4 0.8797595190380761 
0.041524846834581346 0.057862491490810075 0.012933968686181076 0.004765146358066712 0.8829135466303608 
4.3271311120726956E-4 0.8026828212894851 0.03072263089571614 0.0038944180008654264 0.1622674167027261 
0.8478605388272583 0.011093502377179081 0.017432646592709985 0.001584786053882726 0.12202852614896989 
0.7027417027417028 0.03992303992303992 0.015873015873015872 0.008177008177008177 0.2332852332852333 
0.7536656891495601 0.10381231671554252 5.865102639296188E-4 0.002932551319648094 0.13900293255131965 
0.5555555555555556 0.037037037037037035 0.18518518518518517 0.1111111111111111 0.1111111111111111 
0.0040595399188092015 0.5182679296346414 0.06359945872801083 0.044654939106901215 0.36941813261163736 
0.48148148148148145 0.037037037037037035 0.18518518518518517 0.037037037037037035 0.25925925925925924 
0.022452504317789293 0.39896373056994816 0.039723661485319514 0.025906735751295335 0.5129533678756477 
