0.010546500479386385 9.587727708533077E-4 0.027804410354745925 0.2080536912751678 0.7526366251198466 
0.07692307692307693 0.07692307692307693 0.07692307692307693 0.07692307692307693 0.6923076923076923 
0.3373584905660377 0.06716981132075471 0.47320754716981134 7.547169811320754E-4 0.12150943396226416 
0.001891459333624327 4.3649061545176777E-4 0.8815655463407537 0.010912265386294195 0.10519423832387603 
0.014925373134328358 0.6955223880597015 0.0029850746268656717 0.008955223880597015 0.27761194029850744 
5.238344683080147E-4 0.003666841278156103 5.238344683080147E-4 0.9423782084861184 0.05290728129910948 
0.0019218449711723255 0.05060858424087124 6.406149903907751E-4 0.8283151825752723 0.1185137732222934 
0.003748438150770512 0.7600999583506872 0.005414410662224073 4.1649312786339027E-4 0.2303206997084548 
0.03708359522313011 0.023255813953488372 0.0031426775612822125 0.6442489000628535 0.29226901319924575 
0.00411522633744856 0.00411522633744856 0.00411522633744856 0.012345679012345678 0.9753086419753086 
0.03406813627254509 0.06346025384101536 0.008684034736138945 6.680026720106881E-4 0.8931195724782899 
0.04697072838665759 0.010211027910142955 0.004765146358066712 6.807351940095302E-4 0.9373723621511232 
0.010817827780181739 0.7403721332756382 0.028991778450887063 0.005625270445694505 0.21419299004759845 
0.7781299524564184 0.04595879556259905 0.014263074484944533 0.011093502377179081 0.15055467511885895 
0.6738816738816739 0.05339105339105339 0.007215007215007215 0.03318903318903319 0.23232323232323232 
0.73841642228739 0.04750733137829912 0.00997067448680352 5.865102639296188E-4 0.20351906158357772 
0.7037037037037037 0.037037037037037035 0.1111111111111111 0.037037037037037035 0.1111111111111111 
0.009472259810554804 0.5290933694181326 0.16373477672530445 0.028416779431664412 0.2692828146143437 
0.7777777777777778 0.037037037037037035 0.037037037037037035 0.037037037037037035 0.1111111111111111 
0.008635578583765112 0.48186528497409326 0.09153713298791019 0.015544041450777202 0.40241796200345425 
