0.0028873917228103944 0.6361886429258903 0.3532242540904716 9.624639076034649E-4 0.006737247353224254 
0.07692307692307693 0.6923076923076923 0.07692307692307693 0.07692307692307693 0.07692307692307693 
0.23460639127045985 0.07560405300077942 0.011691348402182385 0.5993764614185503 0.07872174590802807 
0.0016098346260793209 0.12717693546026634 0.007171081516171521 0.858041855700278 0.006000292697204742 
0.003076923076923077 0.48307692307692307 0.003076923076923077 0.009230769230769232 0.5015384615384615 
0.0037654653039268424 0.019903173749327596 0.9698762775685853 0.0016137708445400753 0.004841312533620226 
6.583278472679394E-4 0.18499012508229098 0.781435154707044 0.012508229098090849 0.02040816326530612 
0.002145002145002145 0.23294723294723294 4.29000429000429E-4 0.001287001287001287 0.7631917631917632 
6.333122229259025E-4 0.3033565547815073 0.6187460417986067 0.015832805573147563 0.06143128562381254 
0.0041841004184100415 0.9665271966527197 0.02092050209205021 0.0041841004184100415 0.0041841004184100415 
0.027683997299122215 0.9014179608372721 0.014179608372721135 0.012829169480081027 0.04388926401080351 
0.024255024255024255 0.9487179487179487 6.93000693000693E-4 6.93000693000693E-4 0.02564102564102564 
0.003109729009329187 0.26699244780097736 0.009329187027987561 0.015548645046645935 0.70501999111506 
0.8416801292407108 0.09531502423263329 0.0016155088852988692 0.011308562197092083 0.050080775444264945 
0.6580613735996104 0.24500730638090598 0.031660983925962005 0.00438382854359474 0.06088650754992694 
0.7346084877465631 0.21338912133891214 5.977286312014345E-4 0.0017931858936043037 0.049611476389719064 
0.6296296296296297 0.037037037037037035 0.18518518518518517 0.1111111111111111 0.037037037037037035 
0.001379310344827586 0.3820689655172414 0.05379310344827586 0.009655172413793104 0.5531034482758621 
0.5555555555555556 0.1111111111111111 0.037037037037037035 0.25925925925925924 0.037037037037037035 
0.0017574692442882249 0.5254833040421792 0.043936731107205626 0.04745166959578207 0.38137082601054484 
