9.587727708533077E-4 9.587727708533077E-4 9.587727708533077E-4 0.16586768935762225 0.8312559923298178 
0.07692307692307693 0.07692307692307693 0.07692307692307693 0.07692307692307693 0.6923076923076923 
0.16528301886792454 0.10339622641509434 0.6226415094339622 7.547169811320754E-4 0.1079245283018868 
1.4549687181725592E-4 0.008293321693583587 0.8678888403899316 0.006256365488142005 0.11741597555652554 
0.020895522388059702 0.7970149253731343 0.008955223880597015 0.0029850746268656717 0.1701492537313433 
5.238344683080147E-4 0.00785751702462022 5.238344683080147E-4 0.9874279727606077 0.003666841278156103 
0.0032030749519538757 0.033952594490711085 0.01729660474055093 0.8398462524023063 0.1057014734144779 
0.022907122032486463 0.768429820907955 0.004581424406497293 0.010412328196584756 0.19366930445647645 
0.0069138906348208675 0.02702702702702703 0.014456316781898177 0.6191074795725958 0.3324952859836581 
0.012345679012345678 0.012345679012345678 0.00411522633744856 0.00411522633744856 0.9670781893004116 
0.012692050768203072 0.06346025384101536 0.008684034736138945 0.014028056112224449 0.9011356045424181 
0.015656909462219197 0.0605854322668482 6.807351940095302E-4 0.0020422055820285907 0.9210347174948945 
0.013414106447425357 0.7481609692773691 0.027260926006057985 0.013414106447425357 0.1977498918217222 
0.8478605388272583 0.04595879556259905 0.001584786053882726 0.00792393026941363 0.09667194928684628 
0.6546416546416547 0.0456950456950457 0.02934102934102934 0.031265031265031266 0.23905723905723905 
0.7360703812316716 0.03460410557184751 5.865102639296188E-4 0.011143695014662757 0.21759530791788856 
0.6296296296296297 0.037037037037037035 0.1111111111111111 0.1111111111111111 0.1111111111111111 
0.006765899864682003 0.5940460081190798 0.09607577807848444 0.07442489851150202 0.22868741542625168 
0.7037037037037037 0.037037037037037035 0.037037037037037035 0.037037037037037035 0.18518518518518517 
0.0017271157167530224 0.5751295336787565 0.09499136442141623 0.0017271157167530224 0.32642487046632124 
