0.012464046021093002 0.006711409395973154 0.00862895493767977 0.2214765100671141 0.75071907957814 
0.07692307692307693 0.23076923076923078 0.07692307692307693 0.07692307692307693 0.5384615384615384 
0.5049056603773585 0.020377358490566037 0.35094339622641507 7.547169811320754E-4 0.1230188679245283 
1.4549687181725592E-4 0.0050923905136039576 0.8917503273679616 0.008293321693583587 0.09471846355303361 
0.014925373134328358 0.5522388059701493 0.008955223880597015 0.0029850746268656717 0.4208955223880597 
0.001571503404924044 5.238344683080147E-4 5.238344683080147E-4 0.9486642221058146 0.04871660555264536 
0.0032030749519538757 0.024983984625240232 0.004484304932735426 0.8270339525944908 0.14029468289557975 
4.1649312786339027E-4 0.7351103706788839 0.011245314452311536 0.0012494793835901709 0.2519783423573511 
6.285355122564425E-4 0.014456316781898177 0.013199245757385292 0.5939660590823381 0.37774984286612195 
0.00411522633744856 0.00411522633744856 0.00411522633744856 0.012345679012345678 0.9753086419753086 
0.004676018704074816 0.05811623246492986 0.01002004008016032 6.680026720106881E-4 0.9265197060788243 
0.02110279101429544 0.041524846834581346 0.008849557522123894 0.004765146358066712 0.9237576582709326 
0.02033751622674167 0.7031588057118131 0.016875811337083515 0.009086975335352661 0.2505408913890091 
0.7527733755942948 0.11568938193343899 0.004754358161648178 0.00792393026941363 0.11885895404120443 
0.6671476671476672 0.06974506974506975 0.019721019721019722 0.024531024531024532 0.21885521885521886 
0.7102639296187683 0.07683284457478005 5.865102639296188E-4 0.002932551319648094 0.2093841642228739 
0.7777777777777778 0.037037037037037035 0.037037037037037035 0.037037037037037035 0.1111111111111111 
0.012178619756427604 0.496617050067659 0.03924221921515562 0.02571041948579161 0.42625169147496617 
0.7037037037037037 0.1111111111111111 0.037037037037037035 0.037037037037037035 0.1111111111111111 
0.0017271157167530224 0.4265975820379965 0.05699481865284974 0.039723661485319514 0.4749568221070812 
