9.624639076034649E-4 0.7670837343599615 0.22617901828681425 0.0028873917228103944 0.0028873917228103944 
0.23076923076923078 0.5384615384615384 0.07692307692307693 0.07692307692307693 0.07692307692307693 
0.17069368667186283 0.05689789555728761 7.79423226812159E-4 0.6897895557287607 0.0818394388152767 
0.0019025318308210156 0.09878530660032196 0.010976145177813552 0.8870188789697059 0.0013171374213376262 
0.003076923076923077 0.16307692307692306 0.021538461538461538 0.033846153846153845 0.7784615384615384 
5.379236148466917E-4 0.029585798816568046 0.9537385691231846 5.379236148466917E-4 0.015599784830554062 
0.0019749835418038184 0.12574061882817644 0.8564845292955892 6.583278472679394E-4 0.015141540487162607 
4.29000429000429E-4 0.19605319605319604 0.009867009867009866 0.001287001287001287 0.7923637923637924 
0.004433185560481318 0.3565547815072831 0.5921469284357188 6.333122229259025E-4 0.04623179227359088 
0.0041841004184100415 0.9581589958158996 0.012552301255230125 0.0041841004184100415 0.02092050209205021 
0.004726536124240378 0.8595543551654288 0.012829169480081027 0.006076975016880486 0.11681296421336934 
0.02564102564102564 0.932085932085932 0.014553014553014554 0.002079002079002079 0.02564102564102564 
0.010217681030653044 0.1745890715237672 0.024433585073300755 0.008440693025322079 0.7823189693469569 
0.8675282714054927 0.12116316639741519 0.008077544426494346 0.0016155088852988692 0.0016155088852988692 
0.671699951290794 0.27910375060886505 0.013151485630784217 4.870920603994155E-4 0.035557720409157334 
0.6748356246264196 0.19187089061566048 0.005379557680812911 0.0017931858936043037 0.1261207411835027 
0.7037037037037037 0.037037037037037035 0.18518518518518517 0.037037037037037035 0.037037037037037035 
0.001379310344827586 0.2827586206896552 0.037241379310344824 0.07586206896551724 0.6027586206896551 
0.6296296296296297 0.18518518518518517 0.1111111111111111 0.037037037037037035 0.037037037037037035 
0.005272407732864675 0.47627416520210897 0.03690685413005272 0.005272407732864675 0.47627416520210897 
