9.624639076034649E-4 0.7093358999037536 0.26082771896053897 0.012512030798845043 0.016361886429258902 
0.07692307692307693 0.6923076923076923 0.07692307692307693 0.07692307692307693 0.07692307692307693 
0.21590023382696805 0.1691348402182385 7.79423226812159E-4 0.5884645362431801 0.025720966484801246 
7.317430118542368E-4 0.10493194789989756 0.009219961949363384 0.8791160544416801 0.006000292697204742 
0.003076923076923077 0.40307692307692305 0.003076923076923077 0.003076923076923077 0.5876923076923077 
5.379236148466917E-4 0.01775147928994083 0.9806347498655191 5.379236148466917E-4 5.379236148466917E-4 
6.583278472679394E-4 0.10599078341013825 0.8275181040157998 0.0019749835418038184 0.06385780118499013 
0.002145002145002145 0.15915915915915915 0.006435006435006435 0.001287001287001287 0.8309738309738309 
6.333122229259025E-4 0.23875870804306523 0.6795440151994934 0.01836605446485117 0.06269791006966434 
0.0041841004184100415 0.9748953974895398 0.0041841004184100415 0.0041841004184100415 0.012552301255230125 
0.00337609723160027 0.8690074274139096 0.014179608372721135 0.011478730587440918 0.10195813639432816 
0.01593901593901594 0.9265419265419266 0.013167013167013167 0.01593901593901594 0.028413028413028413 
0.010217681030653044 0.18880497556641493 0.0173256330519769 0.02087960906263883 0.7627721012883163 
0.7382875605815832 0.09531502423263329 0.024232633279483037 0.033925686591276254 0.10823909531502424 
0.6619581100828057 0.23331709693132002 0.04042864101315149 0.021919142717973697 0.042377009254749146 
0.7047220561864913 0.22893006575014943 5.977286312014345E-4 0.0017931858936043037 0.0639569635385535 
0.7777777777777778 0.037037037037037035 0.1111111111111111 0.037037037037037035 0.037037037037037035 
0.004137931034482759 0.3296551724137931 0.05931034482758621 0.1006896551724138 0.5062068965517241 
0.7777777777777778 0.1111111111111111 0.037037037037037035 0.037037037037037035 0.037037037037037035 
0.012302284710017574 0.45518453427065025 0.015817223198594025 0.029876977152899824 0.4868189806678383 
