9.587727708533077E-4 0.20038350910834132 0.7948226270373921 9.587727708533077E-4 0.0028763183125599234 
0.07692307692307693 0.07692307692307693 0.5384615384615384 0.07692307692307693 0.23076923076923078 
0.49735849056603776 7.547169811320754E-4 0.04452830188679245 0.3041509433962264 0.15320754716981133 
0.0016004655899898152 0.014113196566273824 0.1115961006838353 0.8722537465444493 4.3649061545176777E-4 
0.0029850746268656717 0.0029850746268656717 0.2298507462686567 0.0029850746268656717 0.7611940298507462 
5.238344683080147E-4 0.9601885804085909 0.030906233630172867 0.003666841278156103 0.004714510214772132 
6.406149903907751E-4 0.7655349135169763 0.18385650224215247 0.004484304932735426 0.04548366431774504 
4.1649312786339027E-4 0.004581424406497293 0.153685964181591 0.006247396917950854 0.8350687213660974 
0.0069138906348208675 0.5813953488372093 0.3463230672532998 0.03205531112507857 0.03331238214959145 
0.012345679012345678 0.0205761316872428 0.9506172839506173 0.00411522633744856 0.012345679012345678 
0.006012024048096192 0.002004008016032064 0.8891115564462257 0.01002004008016032 0.09285237140948564 
0.014295439074200136 0.007488087134104833 0.8965282505105514 0.023825731790333562 0.057862491490810075 
0.0012981393336218088 0.003028991778450887 0.17697966248377325 0.03591518823020338 0.7827780181739507 
0.7559429477020603 0.001584786053882726 0.1347068145800317 0.011093502377179081 0.09667194928684628 
0.6373256373256373 0.004329004329004329 0.2890812890812891 0.002405002405002405 0.06685906685906685 
0.7278592375366569 0.002932551319648094 0.15190615835777127 5.865102639296188E-4 0.11671554252199413 
0.7777777777777778 0.1111111111111111 0.037037037037037035 0.037037037037037035 0.037037037037037035 
0.0013531799729364006 0.07713125845737483 0.23410013531799728 0.07713125845737483 0.6102841677943166 
0.7037037037037037 0.18518518518518517 0.037037037037037035 0.037037037037037035 0.037037037037037035 
0.05008635578583765 0.0017271157167530224 0.31951640759930916 0.039723661485319514 0.5889464594127807 
