0.008319467554076539 0.0016638935108153079 0.9833610648918469 0.0016638935108153079 0.004991680532445923 
0.0016638935108153079 0.0016638935108153079 0.9933444259567388 0.0016638935108153079 0.0016638935108153079 
0.005649717514124294 0.0018832391713747645 0.9887005649717514 0.0018832391713747645 0.0018832391713747645 
0.0018832391713747645 0.0018832391713747645 0.992467043314501 0.0018832391713747645 0.0018832391713747645 
0.9072615923009624 0.021872265966754154 0.04636920384951881 0.020122484689413824 0.004374453193350831 
0.8786093105480259 0.005303476723629935 0.05951679434295816 0.05480259281084266 0.0017678255745433118 
0.0024650780608052587 8.216926869350862E-4 8.216926869350862E-4 8.216926869350862E-4 0.9950698438783895 
0.0033806626098715348 6.76132521974307E-4 6.76132521974307E-4 6.76132521974307E-4 0.9945909398242055 
7.147962830593281E-4 0.002144388849177984 7.147962830593281E-4 7.147962830593281E-4 0.995711222301644 
8.396305625524769E-4 8.396305625524769E-4 8.396305625524769E-4 0.0025188916876574307 0.9949622166246851 
7.698229407236335E-4 7.698229407236335E-4 0.0023094688221709007 7.698229407236335E-4 0.9953810623556582 
8.216926869350862E-4 8.216926869350862E-4 8.216926869350862E-4 8.216926869350862E-4 0.9967132292522597 
0.03278118846287501 0.8373682381559133 0.02374609058264798 0.04807135410633615 0.0580331286922275 
0.002144388849177984 7.147962830593281E-4 7.147962830593281E-4 7.147962830593281E-4 0.995711222301644 
7.168458781362007E-4 7.168458781362007E-4 7.168458781362007E-4 7.168458781362007E-4 0.9971326164874552 
9.718172983479105E-4 9.718172983479105E-4 9.718172983479105E-4 0.0029154518950437317 0.9941690962099126 
0.2183763373190686 0.6689741976085588 6.293266205160479E-4 0.08747640025173065 0.024543738200125866 
0.0012804097311139564 0.0038412291933418692 0.016645326504481434 0.8361075544174136 0.14212548015364918 
0.04638289749952281 0.08570337850734873 0.6816186295094484 0.18610421836228289 1.908761213972132E-4 
0.17615176151761516 0.0027100271002710027 0.0027100271002710027 0.8157181571815718 0.0027100271002710027 
0.5592327942835652 0.0026325686348251222 0.08537044001504325 0.34937946596464836 0.003384731101918014 
0.3288186606471031 0.05041384499623777 0.41309255079006774 0.1948833709556057 0.012791572610985704 
7.91765637371338E-4 7.91765637371338E-4 7.91765637371338E-4 0.0055423594615993665 0.9920823436262867 
0.013446567586694975 7.077140835102619E-4 0.0021231422505307855 0.006369426751592357 0.9773531493276716 
9.718172983479105E-4 9.718172983479105E-4 9.718172983479105E-4 9.718172983479105E-4 0.9961127308066083 
0.0050323508267433505 0.002156721782890007 7.189072609633358E-4 0.01509705248023005 0.9769949676491733 
7.189072609633358E-4 0.002156721782890007 7.189072609633358E-4 7.189072609633358E-4 0.99568655643422 
0.8529657477025898 0.007518796992481203 0.10442773600668337 0.02756892230576441 0.007518796992481203 
0.21434798854153692 0.006351974093909578 0.007597459210362436 0.7710798355959646 6.227425582264292E-4 
0.9093655589123867 0.015105740181268883 0.03323262839879154 0.021148036253776436 0.021148036253776436 
