0.006711409395973154 9.587727708533077E-4 0.006711409395973154 0.21380632790028764 0.7718120805369127 
0.07692307692307693 0.07692307692307693 0.07692307692307693 0.07692307692307693 0.6923076923076923 
0.22867924528301886 0.04905660377358491 0.5592452830188679 0.005283018867924529 0.15773584905660376 
4.3649061545176777E-4 4.3649061545176777E-4 0.88971337116252 0.017023134002618942 0.09239051360395752 
0.020895522388059702 0.6179104477611941 0.014925373134328358 0.008955223880597015 0.3373134328358209 
5.238344683080147E-4 5.238344683080147E-4 0.0026191723415400735 0.9664745940282871 0.029858564693556838 
0.0032030749519538757 0.05957719410634209 0.01729660474055093 0.8180653427290199 0.10185778347213324 
0.008746355685131196 0.7934194085797585 4.1649312786339027E-4 0.007080383173677634 0.19033735943356936 
0.025769956002514142 0.028284098051539912 6.285355122564425E-4 0.6580766813324953 0.2872407291011942 
0.012345679012345678 0.0205761316872428 0.00411522633744856 0.00411522633744856 0.9588477366255144 
0.01002004008016032 0.07147628590514363 0.014028056112224449 0.032732130928523714 0.8717434869739479 
0.018379850238257316 0.03063308373042886 0.02110279101429544 0.0034036759700476512 0.9264805990469708 
0.017741237559498052 0.7507572479446127 0.02120294244915621 0.0038944180008654264 0.2064041540458676 
0.7654516640253566 0.09033280507131537 0.001584786053882726 0.02694136291600634 0.11568938193343899 
0.6902356902356902 0.06012506012506012 0.006253006253006253 0.017797017797017797 0.2255892255892256 
0.6985337243401759 0.08621700879765395 0.004105571847507331 5.865102639296188E-4 0.21055718475073315 
0.6296296296296297 0.037037037037037035 0.037037037037037035 0.25925925925925924 0.037037037037037035 
0.0040595399188092015 0.5669824086603519 0.13396481732070364 0.02029769959404601 0.2746955345060893 
0.7037037037037037 0.037037037037037035 0.037037037037037035 0.1111111111111111 0.1111111111111111 
0.0017271157167530224 0.5474956822107081 0.06390328151986183 0.0017271157167530224 0.385146804835924 
