9.624639076034649E-4 0.7940327237728585 0.18190567853705486 0.01828681424446583 0.004812319538017324 
0.07692307692307693 0.38461538461538464 0.07692307692307693 0.38461538461538464 0.07692307692307693 
0.24240062353858144 0.0989867498051442 7.79423226812159E-4 0.5869056897895557 0.07092751363990647 
0.0036587150592711838 0.10346846187618908 0.014195814429972194 0.8750182935752964 0.0036587150592711838 
0.003076923076923077 0.26153846153846155 0.04 0.07076923076923076 0.6246153846153846 
0.0016137708445400753 0.027434104357181282 0.9569661108122647 0.0037654653039268424 0.010220548682087143 
0.0019749835418038184 0.09809084924292298 0.8459512837393022 0.015141540487162607 0.038841342988808425 
0.004719004719004719 0.19776919776919777 0.002145002145002145 0.001287001287001287 0.7940797940797941 
0.004433185560481318 0.2716909436352122 0.6630778974034199 0.023432552248258392 0.037365421152628246 
0.0041841004184100415 0.9497907949790795 0.0041841004184100415 0.012552301255230125 0.029288702928870293 
0.015530047265361242 0.8703578663065497 0.012829169480081027 0.012829169480081027 0.08845374746792707 
0.013167013167013167 0.9182259182259183 6.93000693000693E-4 0.01178101178101178 0.056133056133056136 
0.015548645046645935 0.2305641936916926 0.004886717014660151 0.025322079075966238 0.7236783651710351 
0.7964458804523424 0.07592891760904685 0.008077544426494346 0.05654281098546042 0.0630048465266559 
0.671699951290794 0.2576716999512908 0.01607403799318071 0.01509985387238188 0.039454456892352656 
0.7537358039450089 0.14285714285714285 5.977286312014345E-4 5.977286312014345E-4 0.1022115959354453 
0.7037037037037037 0.037037037037037035 0.1111111111111111 0.1111111111111111 0.037037037037037035 
0.001379310344827586 0.30758620689655175 0.07586206896551724 0.09793103448275862 0.5172413793103449 
0.7037037037037037 0.037037037037037035 0.1111111111111111 0.1111111111111111 0.037037037037037035 
0.0017574692442882249 0.5149384885764499 0.0017574692442882249 0.07205623901581722 0.4094903339191564 
