0.0016638935108153079 0.0016638935108153079 0.9900166389351082 0.0016638935108153079 0.004991680532445923 
0.0016638935108153079 0.0016638935108153079 0.9933444259567388 0.0016638935108153079 0.0016638935108153079 
0.0018832391713747645 0.0018832391713747645 0.992467043314501 0.0018832391713747645 0.0018832391713747645 
0.0018832391713747645 0.005649717514124294 0.9887005649717514 0.0018832391713747645 0.0018832391713747645 
0.8740157480314961 0.011373578302712161 0.03062117235345582 0.07961504811898512 0.004374453193350831 
0.8621096051856216 0.00883912787271656 0.04419563936358279 0.07601649970536241 0.00883912787271656 
8.216926869350862E-4 8.216926869350862E-4 8.216926869350862E-4 8.216926869350862E-4 0.9967132292522597 
0.002028397565922921 6.76132521974307E-4 6.76132521974307E-4 0.002028397565922921 0.9945909398242055 
7.147962830593281E-4 7.147962830593281E-4 7.147962830593281E-4 7.147962830593281E-4 0.9971408148677627 
0.0041981528127623844 8.396305625524769E-4 8.396305625524769E-4 0.0109151973131822 0.9832073887489504 
0.006928406466512702 7.698229407236335E-4 7.698229407236335E-4 7.698229407236335E-4 0.9907621247113164 
8.216926869350862E-4 8.216926869350862E-4 0.004108463434675432 8.216926869350862E-4 0.9934264585045193 
0.03440287269778756 0.8206880574539558 0.03741457199119657 0.03440287269778756 0.07309162515927256 
7.147962830593281E-4 0.0035739814152966403 7.147962830593281E-4 7.147962830593281E-4 0.9942816297355254 
7.168458781362007E-4 7.168458781362007E-4 7.168458781362007E-4 0.005017921146953405 0.992831541218638 
9.718172983479105E-4 9.718172983479105E-4 9.718172983479105E-4 9.718172983479105E-4 0.9961127308066083 
0.20201384518565135 0.6563876651982379 6.293266205160479E-4 0.12146003775959723 0.019509125235997484 
0.0038412291933418692 0.008962868117797696 0.016645326504481434 0.8412291933418694 0.1293213828425096 
0.037602595915251 0.06470700515365528 0.7117770566902081 0.185340713876694 5.726283641916397E-4 
0.06775067750677506 0.0027100271002710027 0.018970189701897018 0.9024390243902439 0.008130081300813009 
0.5133508837908989 0.0011282437006393381 0.09590071455434374 0.38924407672057165 3.76081233546446E-4 
0.2565838976674191 0.06997742663656885 0.47328818660647104 0.19939804364183597 7.524454477050414E-4 
7.91765637371338E-4 7.91765637371338E-4 0.0055423594615993665 7.91765637371338E-4 0.9920823436262867 
0.020523708421797595 0.0021231422505307855 0.0021231422505307855 0.006369426751592357 0.9688605803255484 
9.718172983479105E-4 9.718172983479105E-4 9.718172983479105E-4 9.718172983479105E-4 0.9961127308066083 
0.01653486700215672 0.002156721782890007 0.002156721782890007 7.189072609633358E-4 0.9784327821711 
7.189072609633358E-4 7.189072609633358E-4 7.189072609633358E-4 7.189072609633358E-4 0.9971243709561467 
0.7610693400167085 8.35421888053467E-4 0.11445279866332497 0.12280701754385964 8.35421888053467E-4 
0.11446008220201769 0.010088429443268153 0.015070369909079586 0.8475526217461702 0.012828496699464441 
0.8429003021148036 0.0030211480362537764 0.0030211480362537764 0.1419939577039275 0.00906344410876133 
