0.004991680532445923 0.0016638935108153079 0.9866888519134775 0.004991680532445923 0.0016638935108153079 
0.014975041597337771 0.0016638935108153079 0.9800332778702163 0.0016638935108153079 0.0016638935108153079 
0.005649717514124294 0.0018832391713747645 0.9887005649717514 0.0018832391713747645 0.0018832391713747645 
0.0018832391713747645 0.005649717514124294 0.9849340866290018 0.005649717514124294 0.0018832391713747645 
0.9440069991251093 0.006124234470691163 0.006124234470691163 0.03587051618547681 0.007874015748031496 
0.8420742486741308 0.015910430170889805 0.05598114319387154 0.08190925162050677 0.0041249263406010605 
8.216926869350862E-4 8.216926869350862E-4 8.216926869350862E-4 8.216926869350862E-4 0.9967132292522597 
0.004732927653820149 6.76132521974307E-4 0.0033806626098715348 6.76132521974307E-4 0.9905341446923597 
7.147962830593281E-4 7.147962830593281E-4 7.147962830593281E-4 7.147962830593281E-4 0.9971408148677627 
8.396305625524769E-4 8.396305625524769E-4 8.396305625524769E-4 8.396305625524769E-4 0.9966414777497901 
7.698229407236335E-4 7.698229407236335E-4 0.0023094688221709007 7.698229407236335E-4 0.9953810623556582 
8.216926869350862E-4 8.216926869350862E-4 8.216926869350862E-4 8.216926869350862E-4 0.9967132292522597 
0.029769489169466003 0.8343565388625044 0.03973126375535735 0.02652612069964091 0.06961658751303139 
7.147962830593281E-4 7.147962830593281E-4 7.147962830593281E-4 7.147962830593281E-4 0.9971408148677627 
7.168458781362007E-4 7.168458781362007E-4 7.168458781362007E-4 7.168458781362007E-4 0.9971326164874552 
0.0029154518950437317 9.718172983479105E-4 0.004859086491739553 9.718172983479105E-4 0.9902818270165209 
0.17935808684707363 0.6727501573316551 6.293266205160479E-4 0.10509754562617998 0.04216488357457521 
0.02176696542893726 0.0038412291933418692 0.03713188220230474 0.7720870678617158 0.16517285531370038 
0.05936247375453331 0.056308455812177895 0.7186485970605078 0.16243557930902844 0.0032448940637526246 
0.23035230352303523 0.008130081300813009 0.0027100271002710027 0.7398373983739838 0.018970189701897018 
0.5998495675065815 3.76081233546446E-4 0.09815720195562241 0.29898458066942457 0.0026325686348251222 
0.291196388261851 0.08051166290443942 0.4717832957110609 0.15575620767494355 7.524454477050414E-4 
7.91765637371338E-4 7.91765637371338E-4 0.0023752969121140144 0.00395882818685669 0.9920823436262867 
0.009200283085633405 0.0021231422505307855 7.077140835102619E-4 0.00778485491861288 0.9801840056617127 
9.718172983479105E-4 9.718172983479105E-4 9.718172983479105E-4 0.0029154518950437317 0.9941690962099126 
7.189072609633358E-4 0.002156721782890007 0.006470165348670022 0.002156721782890007 0.9884974838245866 
7.189072609633358E-4 7.189072609633358E-4 7.189072609633358E-4 7.189072609633358E-4 0.9971243709561467 
0.8028404344193818 8.35421888053467E-4 0.0960735171261487 0.09941520467836257 8.35421888053467E-4 
0.15182463569560345 0.010088429443268153 0.020550504421472163 0.8171627849047204 3.736455349358575E-4 
0.9154078549848943 0.00906344410876133 0.015105740181268883 0.05740181268882175 0.0030211480362537764 
