0.0016638935108153079 0.0016638935108153079 0.9933444259567388 0.0016638935108153079 0.0016638935108153079 
0.0016638935108153079 0.0016638935108153079 0.9933444259567388 0.0016638935108153079 0.0016638935108153079 
0.0018832391713747645 0.0018832391713747645 0.992467043314501 0.0018832391713747645 0.0018832391713747645 
0.005649717514124294 0.0018832391713747645 0.9887005649717514 0.0018832391713747645 0.0018832391713747645 
0.9387576552930884 0.023622047244094488 0.013123359580052493 0.011373578302712161 0.013123359580052493 
0.8656452563347083 0.013553329404832056 0.037124337065409546 0.0807307012374779 0.0029463759575721863 
8.216926869350862E-4 8.216926869350862E-4 8.216926869350862E-4 0.0024650780608052587 0.9950698438783895 
0.002028397565922921 6.76132521974307E-4 6.76132521974307E-4 6.76132521974307E-4 0.9959432048681541 
7.147962830593281E-4 7.147962830593281E-4 7.147962830593281E-4 7.147962830593281E-4 0.9971408148677627 
8.396305625524769E-4 8.396305625524769E-4 8.396305625524769E-4 0.0025188916876574307 0.9949622166246851 
7.698229407236335E-4 7.698229407236335E-4 7.698229407236335E-4 7.698229407236335E-4 0.9969207082371054 
8.216926869350862E-4 8.216926869350862E-4 8.216926869350862E-4 0.004108463434675432 0.9934264585045193 
0.03463454187420364 0.8470983435653886 0.02467276728831229 0.03556121857986795 0.0580331286922275 
7.147962830593281E-4 7.147962830593281E-4 7.147962830593281E-4 7.147962830593281E-4 0.9971408148677627 
7.168458781362007E-4 7.168458781362007E-4 7.168458781362007E-4 7.168458781362007E-4 0.9971326164874552 
9.718172983479105E-4 9.718172983479105E-4 9.718172983479105E-4 0.0029154518950437317 0.9941690962099126 
0.1831340465701699 0.6400251730648207 0.005663939584644431 0.11390811831340465 0.05726872246696035 
0.008962868117797696 0.019206145966709345 0.008962868117797696 0.8053777208706786 0.15749039692701663 
0.04600114525672838 0.07005153655277725 0.6976522237068142 0.18610421836228289 1.908761213972132E-4 
0.15989159891598917 0.008130081300813009 0.0027100271002710027 0.8157181571815718 0.013550135501355014 
0.5637457690861226 3.76081233546446E-4 0.05904475366679203 0.3749529898458067 0.00188040616773223 
0.2656132430398796 0.059443190368698266 0.4823175319789315 0.19187358916478556 7.524454477050414E-4 
7.91765637371338E-4 0.0023752969121140144 7.91765637371338E-4 0.00395882818685669 0.9920823436262867 
0.00778485491861288 7.077140835102619E-4 0.0021231422505307855 0.0021231422505307855 0.9872611464968153 
9.718172983479105E-4 9.718172983479105E-4 9.718172983479105E-4 0.004859086491739553 0.9922254616132167 
0.01509705248023005 0.0035945363048166786 7.189072609633358E-4 7.189072609633358E-4 0.9798705966930266 
7.189072609633358E-4 7.189072609633358E-4 7.189072609633358E-4 0.002156721782890007 0.99568655643422 
0.8412698412698413 8.35421888053467E-4 0.0860484544695071 0.07101086048454469 8.35421888053467E-4 
0.13563332918171628 0.00660107111720015 0.013326690746045585 0.8385851289077095 0.005853780047328435 
0.8187311178247734 0.0030211480362537764 0.00906344410876133 0.13595166163141995 0.03323262839879154 
