0.0016638935108153079 0.0016638935108153079 0.9900166389351082 0.004991680532445923 0.0016638935108153079 
0.0016638935108153079 0.0016638935108153079 0.9900166389351082 0.0016638935108153079 0.004991680532445923 
0.0018832391713747645 0.0018832391713747645 0.9849340866290018 0.009416195856873822 0.0018832391713747645 
0.0018832391713747645 0.0018832391713747645 0.9887005649717514 0.0018832391713747645 0.005649717514124294 
0.9300087489063867 8.748906386701663E-4 0.023622047244094488 0.03587051618547681 0.009623797025371828 
0.8338243959929287 0.0029463759575721863 0.06540954625810254 0.09605185621685328 0.0017678255745433118 
8.216926869350862E-4 8.216926869350862E-4 8.216926869350862E-4 8.216926869350862E-4 0.9967132292522597 
6.76132521974307E-4 6.76132521974307E-4 6.76132521974307E-4 6.76132521974307E-4 0.9972954699121027 
7.147962830593281E-4 7.147962830593281E-4 7.147962830593281E-4 7.147962830593281E-4 0.9971408148677627 
8.396305625524769E-4 8.396305625524769E-4 8.396305625524769E-4 8.396305625524769E-4 0.9966414777497901 
0.0023094688221709007 7.698229407236335E-4 0.0023094688221709007 7.698229407236335E-4 0.993841416474211 
8.216926869350862E-4 8.216926869350862E-4 8.216926869350862E-4 8.216926869350862E-4 0.9967132292522597 
0.04598633151859145 0.824394764276613 0.02467276728831229 0.030696165875130313 0.07424997104135295 
7.147962830593281E-4 7.147962830593281E-4 7.147962830593281E-4 0.002144388849177984 0.995711222301644 
7.168458781362007E-4 7.168458781362007E-4 7.168458781362007E-4 7.168458781362007E-4 0.9971326164874552 
9.718172983479105E-4 9.718172983479105E-4 9.718172983479105E-4 9.718172983479105E-4 0.9961127308066083 
0.17935808684707363 0.6752674638137193 0.015733165512901194 0.11516677155443675 0.0144745122718691 
0.0012804097311139564 0.0012804097311139564 0.008962868117797696 0.8565941101152369 0.13188220230473752 
0.0360755869440733 0.08570337850734873 0.7041420118343196 0.17274288986447794 0.0013361328497804924 
0.056910569105691054 0.0027100271002710027 0.04607046070460705 0.8644986449864499 0.02981029810298103 
0.526137645731478 0.009402030838661151 0.08236179014667168 0.3809702895825498 0.0011282437006393381 
0.29571106094808125 0.057938299473288185 0.44469525959367945 0.20090293453724606 7.524454477050414E-4 
0.0023752969121140144 0.0023752969121140144 7.91765637371338E-4 7.91765637371338E-4 0.9936658749010293 
0.014861995753715499 0.0021231422505307855 7.077140835102619E-4 0.012031139419674451 0.970276008492569 
9.718172983479105E-4 9.718172983479105E-4 9.718172983479105E-4 9.718172983479105E-4 0.9961127308066083 
0.01509705248023005 7.189072609633358E-4 0.002156721782890007 0.0035945363048166786 0.9784327821711 
7.189072609633358E-4 0.002156721782890007 7.189072609633358E-4 7.189072609633358E-4 0.99568655643422 
0.7961570593149541 8.35421888053467E-4 0.1111111111111111 0.0910609857978279 8.35421888053467E-4 
0.13214597085564828 0.008842944326815294 0.011333914559721011 0.8475526217461702 1.2454851164528583E-4 
0.8972809667673716 0.00906344410876133 0.0030211480362537764 0.0634441087613293 0.027190332326283987 
