0.0028763183125599234 0.2214765100671141 0.7583892617449665 0.00862895493767977 0.00862895493767977 
0.07692307692307693 0.07692307692307693 0.6923076923076923 0.07692307692307693 0.07692307692307693 
0.5667924528301886 7.547169811320754E-4 0.06566037735849056 0.28150943396226413 0.08528301886792453 
4.3649061545176777E-4 0.0036374217954313983 0.10053833842572385 0.8900043649061545 0.005383384257238469 
0.008955223880597015 0.0029850746268656717 0.20597014925373133 0.0029850746268656717 0.7791044776119403 
5.238344683080147E-4 0.9497118910424306 0.04033525405971713 5.238344683080147E-4 0.00890518596123625 
0.0019218449711723255 0.8283151825752723 0.13516976297245356 0.008327994875080076 0.02626521460602178 
0.007080383173677634 0.013744273219491879 0.15201999167013744 0.007080383173677634 0.8200749687630154 
0.010685103708359522 0.6492771841609051 0.3299811439346323 6.285355122564425E-4 0.009428032683846637 
0.00411522633744856 0.00411522633744856 0.9259259259259259 0.00411522633744856 0.06172839506172839 
0.002004008016032064 0.0033400133600534404 0.8904475617902472 0.016700066800267203 0.08750835003340013 
0.033356024506466984 0.023825731790333562 0.8543226684819605 0.006126616746085773 0.08236895847515316 
0.01947209000432713 0.02206836867157075 0.15707485936823887 0.013414106447425357 0.7879705755084379 
0.7876386687797148 0.00792393026941363 0.15689381933438987 0.011093502377179081 0.03645007923930269 
0.6305916305916306 0.037037037037037035 0.2506012506012506 0.005291005291005291 0.07647907647907648 
0.6914956011730206 0.0017595307917888563 0.20703812316715542 5.865102639296188E-4 0.09912023460410557 
0.5555555555555556 0.18518518518518517 0.1111111111111111 0.037037037037037035 0.1111111111111111 
0.0013531799729364006 0.017591339648173207 0.2882273342354533 0.10690121786197564 0.5859269282814614 
0.7037037037037037 0.1111111111111111 0.1111111111111111 0.037037037037037035 0.037037037037037035 
0.025906735751295335 0.06735751295336788 0.3333333333333333 0.008635578583765112 0.5647668393782384 
