9.587727708533077E-4 0.31351869606903165 0.6586768935762224 0.02588686481303931 9.587727708533077E-4 
0.07692307692307693 0.07692307692307693 0.5384615384615384 0.23076923076923078 0.07692307692307693 
0.42641509433962266 7.547169811320754E-4 0.1471698113207547 0.3132075471698113 0.11245283018867924 
4.3649061545176777E-4 0.008875309180852612 0.09617343227120617 0.8932052960861342 0.0013094718463553033 
0.0029850746268656717 0.0029850746268656717 0.2417910447761194 0.0029850746268656717 0.7492537313432835 
0.001571503404924044 0.9727606076479832 0.019381875327396544 0.001571503404924044 0.004714510214772132 
0.0019218449711723255 0.83472133247918 0.1108263933376041 0.033952594490711085 0.018577834721332478 
0.004581424406497293 0.012911286963765098 0.18200749687630155 4.1649312786339027E-4 0.8000832986255727 
0.02451288497800126 0.6794468887492143 0.2608422375864236 0.011942174732872407 0.023255813953488372 
0.00411522633744856 0.02880658436213992 0.9423868312757202 0.00411522633744856 0.0205761316872428 
6.680026720106881E-4 6.680026720106881E-4 0.8583834335337341 0.0394121576486306 0.1008684034736139 
0.012933968686181076 0.03471749489448604 0.9264805990469708 0.010211027910142955 0.015656909462219197 
0.006490696668109044 4.3271311120726956E-4 0.19948074426655127 0.03504976200778884 0.7585460839463436 
0.8129952456418383 0.00792393026941363 0.10301109350237718 0.020602218700475437 0.0554675118858954 
0.6632996632996633 0.03511303511303511 0.2332852332852333 0.010101010101010102 0.0582010582010582 
0.7090909090909091 0.0017595307917888563 0.1812316715542522 0.0017595307917888563 0.106158357771261 
0.7037037037037037 0.18518518518518517 0.037037037037037035 0.037037037037037035 0.037037037037037035 
0.02571041948579161 0.044654939106901215 0.33152909336941816 0.05277401894451962 0.5453315290933695 
0.7037037037037037 0.18518518518518517 0.037037037037037035 0.037037037037037035 0.037037037037037035 
0.0051813471502590676 0.018998272884283247 0.48877374784110533 0.0017271157167530224 0.4853195164075993 
